{
  "qubo": {
    "id": 0,
    "name": "MachineDiesetProblem",
    "variables": [
      {
        "id": 0,
        "name": "0",
        "slack": false
      },
      {
        "id": 1,
        "name": "1",
        "slack": false
      },
      {
        "id": 2,
        "name": "2",
        "slack": false
      },
      {
        "id": 3,
        "name": "3",
        "slack": false
      },
      {
        "id": 4,
        "name": "4",
        "slack": false
      },
      {
        "id": 5,
        "name": "5",
        "slack": false
      },
      {
        "id": 6,
        "name": "6",
        "slack": false
      },
      {
        "id": 7,
        "name": "7",
        "slack": false
      },
      {
        "id": 8,
        "name": "8",
        "slack": false
      },
      {
        "id": 9,
        "name": "9",
        "slack": false
      },
      {
        "id": 10,
        "name": "10",
        "slack": false
      },
      {
        "id": 11,
        "name": "11",
        "slack": false
      },
      {
        "id": 12,
        "name": "12",
        "slack": false
      },
      {
        "id": 13,
        "name": "13",
        "slack": false
      },
      {
        "id": 14,
        "name": "14",
        "slack": false
      },
      {
        "id": 15,
        "name": "15",
        "slack": false
      },
      {
        "id": 16,
        "name": "16",
        "slack": false
      },
      {
        "id": 17,
        "name": "17",
        "slack": false
      },
      {
        "id": 18,
        "name": "18",
        "slack": false
      },
      {
        "id": 19,
        "name": "19",
        "slack": false
      },
      {
        "id": 20,
        "name": "20",
        "slack": false
      },
      {
        "id": 21,
        "name": "21",
        "slack": false
      },
      {
        "id": 22,
        "name": "22",
        "slack": false
      },
      {
        "id": 23,
        "name": "23",
        "slack": false
      },
      {
        "id": 24,
        "name": "24",
        "slack": false
      },
      {
        "id": 25,
        "name": "25",
        "slack": false
      },
      {
        "id": 26,
        "name": "26",
        "slack": false
      },
      {
        "id": 27,
        "name": "27",
        "slack": false
      },
      {
        "id": 28,
        "name": "28",
        "slack": false
      },
      {
        "id": 29,
        "name": "29",
        "slack": false
      },
      {
        "id": 30,
        "name": "30",
        "slack": false
      },
      {
        "id": 31,
        "name": "31",
        "slack": false
      },
      {
        "id": 32,
        "name": "32",
        "slack": false
      },
      {
        "id": 33,
        "name": "33",
        "slack": false
      },
      {
        "id": 34,
        "name": "34",
        "slack": false
      },
      {
        "id": 35,
        "name": "35",
        "slack": false
      },
      {
        "id": 36,
        "name": "36",
        "slack": false
      },
      {
        "id": 37,
        "name": "37",
        "slack": false
      },
      {
        "id": 38,
        "name": "capacity_constraint_machine_24@int_slack@0",
        "slack": true
      },
      {
        "id": 39,
        "name": "capacity_constraint_machine_24@int_slack@1",
        "slack": true
      },
      {
        "id": 40,
        "name": "capacity_constraint_machine_24@int_slack@2",
        "slack": true
      },
      {
        "id": 41,
        "name": "capacity_constraint_machine_24@int_slack@3",
        "slack": true
      },
      {
        "id": 42,
        "name": "capacity_constraint_machine_24@int_slack@4",
        "slack": true
      },
      {
        "id": 43,
        "name": "capacity_constraint_machine_24@int_slack@5",
        "slack": true
      },
      {
        "id": 44,
        "name": "capacity_constraint_machine_24@int_slack@6",
        "slack": true
      },
      {
        "id": 45,
        "name": "capacity_constraint_machine_24@int_slack@7",
        "slack": true
      },
      {
        "id": 46,
        "name": "capacity_constraint_machine_24@int_slack@8",
        "slack": true
      },
      {
        "id": 47,
        "name": "capacity_constraint_machine_24@int_slack@9",
        "slack": true
      },
      {
        "id": 48,
        "name": "capacity_constraint_machine_24@int_slack@10",
        "slack": true
      },
      {
        "id": 49,
        "name": "capacity_constraint_machine_27@int_slack@0",
        "slack": true
      },
      {
        "id": 50,
        "name": "capacity_constraint_machine_27@int_slack@1",
        "slack": true
      },
      {
        "id": 51,
        "name": "capacity_constraint_machine_27@int_slack@2",
        "slack": true
      },
      {
        "id": 52,
        "name": "capacity_constraint_machine_27@int_slack@3",
        "slack": true
      },
      {
        "id": 53,
        "name": "capacity_constraint_machine_27@int_slack@4",
        "slack": true
      },
      {
        "id": 54,
        "name": "capacity_constraint_machine_27@int_slack@5",
        "slack": true
      },
      {
        "id": 55,
        "name": "capacity_constraint_machine_27@int_slack@6",
        "slack": true
      },
      {
        "id": 56,
        "name": "capacity_constraint_machine_27@int_slack@7",
        "slack": true
      },
      {
        "id": 57,
        "name": "capacity_constraint_machine_27@int_slack@8",
        "slack": true
      },
      {
        "id": 58,
        "name": "capacity_constraint_machine_27@int_slack@9",
        "slack": true
      },
      {
        "id": 59,
        "name": "capacity_constraint_machine_27@int_slack@10",
        "slack": true
      }
    ],
    "constant": 35177370000.0,
    "matrix": "[[-3247458809.0, 100000000.0, 80080000.0, 0.0, 73920000.0, 0.0, 167860000.0, 0.0, 110880000.0, 0.0, 98560000.0, 0.0, 197120000.0, 0.0, 7700000.0, 0.0, 12320000.0, 0.0, 263340000.0, 0.0, 124740000.0, 0.0, 360360000.0, 0.0, 654500000.0, 0.0, 169400000.0, 0.0, 178640000.0, 0.0, 200200000.0, 0.0, 72380000.0, 0.0, 100100000.0, 0.0, 184800000.0, 0.0, 1540000.0, 3080000.0, 6160000.0, 12320000.0, 24640000.0, 49280000.0, 98560000.0, 197120000.0, 394240000.0, 788480000.0, 117040000.0, 0.0, 0.0, 0.0, 0.0, 0.0, 0.0, 0.0, 0.0, 0.0, 0.0, 0.0], [100000000.0, -4347082593.0, 0.0, 80080000.0, 0.0, 73920000.0, 0.0, 167860000.0, 0.0, 110880000.0, 0.0, 98560000.0, 0.0, 197120000.0, 0.0, 7700000.0, 0.0, 12320000.0, 0.0, 263340000.0, 0.0, 124740000.0, 0.0, 360360000.0, 0.0, 654500000.0, 0.0, 169400000.0, 0.0, 178640000.0, 0.0, 200200000.0, 0.0, 72380000.0, 0.0, 100100000.0, 0.0, 184800000.0, 0.0, 0.0, 0.0, 0.0, 0.0, 0.0, 0.0, 0.0, 0.0, 0.0, 0.0, 1540000.0, 3080000.0, 6160000.0, 12320000.0, 24640000.0, 49280000.0, 98560000.0, 197120000.0, 394240000.0, 788480000.0, 666820000.0], [80080000.0, 0.0, -1215827318.0, 100000000.0, 24960000.0, 0.0, 56680000.0, 0.0, 37440000.0, 0.0, 33280000.0, 0.0, 66560000.0, 0.0, 2600000.0, 0.0, 4160000.0, 0.0, 88920000.0, 0.0, 42120000.0, 0.0, 121680000.0, 0.0, 221000000.0, 0.0, 57200000.0, 0.0, 60320000.0, 0.0, 67600000.0, 0.0, 24440000.0, 0.0, 33800000.0, 0.0, 62400000.0, 0.0, 520000.0, 1040000.0, 2080000.0, 4160000.0, 8320000.0, 16640000.0, 33280000.0, 66560000.0, 133120000.0, 266240000.0, 39520000.0, 0.0, 0.0, 0.0, 0.0, 0.0, 0.0, 0.0, 0.0, 0.0, 0.0, 0.0], [0.0, 80080000.0, 100000000.0, -1587125867.0, 0.0, 24960000.0, 0.0, 56680000.0, 0.0, 37440000.0, 0.0, 33280000.0, 0.0, 66560000.0, 0.0, 2600000.0, 0.0, 4160000.0, 0.0, 88920000.0, 0.0, 42120000.0, 0.0, 121680000.0, 0.0, 221000000.0, 0.0, 57200000.0, 0.0, 60320000.0, 0.0, 67600000.0, 0.0, 24440000.0, 0.0, 33800000.0, 0.0, 62400000.0, 0.0, 0.0, 0.0, 0.0, 0.0, 0.0, 0.0, 0.0, 0.0, 0.0, 0.0, 520000.0, 1040000.0, 2080000.0, 4160000.0, 8320000.0, 16640000.0, 33280000.0, 66560000.0, 133120000.0, 266240000.0, 225160000.0], [73920000.0, 0.0, 24960000.0, 0.0, -1131914250.0, 100000000.0, 52320000.0, 0.0, 34560000.0, 0.0, 30720000.0, 0.0, 61440000.0, 0.0, 2400000.0, 0.0, 3840000.0, 0.0, 82080000.0, 0.0, 38880000.0, 0.0, 112320000.0, 0.0, 204000000.0, 0.0, 52800000.0, 0.0, 55680000.0, 0.0, 62400000.0, 0.0, 22560000.0, 0.0, 31200000.0, 0.0, 57600000.0, 0.0, 480000.0, 960000.0, 1920000.0, 3840000.0, 7680000.0, 15360000.0, 30720000.0, 61440000.0, 122880000.0, 245760000.0, 36480000.0, 0.0, 0.0, 0.0, 0.0, 0.0, 0.0, 0.0, 0.0, 0.0, 0.0, 0.0], [0.0, 73920000.0, 0.0, 24960000.0, 100000000.0, -1474651843.0, 0.0, 52320000.0, 0.0, 34560000.0, 0.0, 30720000.0, 0.0, 61440000.0, 0.0, 2400000.0, 0.0, 3840000.0, 0.0, 82080000.0, 0.0, 38880000.0, 0.0, 112320000.0, 0.0, 204000000.0, 0.0, 52800000.0, 0.0, 55680000.0, 0.0, 62400000.0, 0.0, 22560000.0, 0.0, 31200000.0, 0.0, 57600000.0, 0.0, 0.0, 0.0, 0.0, 0.0, 0.0, 0.0, 0.0, 0.0, 0.0, 0.0, 480000.0, 960000.0, 1920000.0, 3840000.0, 7680000.0, 15360000.0, 30720000.0, 61440000.0, 122880000.0, 245760000.0, 207840000.0], [167860000.0, 0.0, 56680000.0, 0.0, 52320000.0, 0.0, -2376803595.0, 100000000.0, 78480000.0, 0.0, 69760000.0, 0.0, 139520000.0, 0.0, 5450000.0, 0.0, 8720000.0, 0.0, 186390000.0, 0.0, 88290000.0, 0.0, 255060000.0, 0.0, 463250000.0, 0.0, 119900000.0, 0.0, 126440000.0, 0.0, 141700000.0, 0.0, 51230000.0, 0.0, 70850000.0, 0.0, 130800000.0, 0.0, 1090000.0, 2180000.0, 4360000.0, 8720000.0, 17440000.0, 34880000.0, 69760000.0, 139520000.0, 279040000.0, 558080000.0, 82840000.0, 0.0, 0.0, 0.0, 0.0, 0.0, 0.0, 0.0, 0.0, 0.0, 0.0, 0.0], [0.0, 167860000.0, 0.0, 56680000.0, 0.0, 52320000.0, 100000000.0, -3155117440.0, 0.0, 78480000.0, 0.0, 69760000.0, 0.0, 139520000.0, 0.0, 5450000.0, 0.0, 8720000.0, 0.0, 186390000.0, 0.0, 88290000.0, 0.0, 255060000.0, 0.0, 463250000.0, 0.0, 119900000.0, 0.0, 126440000.0, 0.0, 141700000.0, 0.0, 51230000.0, 0.0, 70850000.0, 0.0, 130800000.0, 0.0, 0.0, 0.0, 0.0, 0.0, 0.0, 0.0, 0.0, 0.0, 0.0, 0.0, 1090000.0, 2180000.0, 4360000.0, 8720000.0, 17440000.0, 34880000.0, 69760000.0, 139520000.0, 279040000.0, 558080000.0, 471970000.0], [110880000.0, 0.0, 37440000.0, 0.0, 34560000.0, 0.0, 78480000.0, 0.0, -1630589733.0, 100000000.0, 46080000.0, 0.0, 92160000.0, 0.0, 3600000.0, 0.0, 5760000.0, 0.0, 123120000.0, 0.0, 58320000.0, 0.0, 168480000.0, 0.0, 306000000.0, 0.0, 79200000.0, 0.0, 83520000.0, 0.0, 93600000.0, 0.0, 33840000.0, 0.0, 46800000.0, 0.0, 86400000.0, 0.0, 720000.0, 1440000.0, 2880000.0, 5760000.0, 11520000.0, 23040000.0, 46080000.0, 92160000.0, 184320000.0, 368640000.0, 54720000.0, 0.0, 0.0, 0.0, 0.0, 0.0, 0.0, 0.0, 0.0, 0.0, 0.0, 0.0], [0.0, 110880000.0, 0.0, 37440000.0, 0.0, 34560000.0, 0.0, 78480000.0, 100000000.0, -2144699326.0, 0.0, 46080000.0, 0.0, 92160000.0, 0.0, 3600000.0, 0.0, 5760000.0, 0.0, 123120000.0, 0.0, 58320000.0, 0.0, 168480000.0, 0.0, 306000000.0, 0.0, 79200000.0, 0.0, 83520000.0, 0.0, 93600000.0, 0.0, 33840000.0, 0.0, 46800000.0, 0.0, 86400000.0, 0.0, 0.0, 0.0, 0.0, 0.0, 0.0, 0.0, 0.0, 0.0, 0.0, 0.0, 720000.0, 1440000.0, 2880000.0, 5760000.0, 11520000.0, 23040000.0, 46080000.0, 92160000.0, 184320000.0, 368640000.0, 311760000.0], [98560000.0, 0.0, 33280000.0, 0.0, 30720000.0, 0.0, 69760000.0, 0.0, 46080000.0, 0.0, -1465643091.0, 100000000.0, 81920000.0, 0.0, 3200000.0, 0.0, 5120000.0, 0.0, 109440000.0, 0.0, 51840000.0, 0.0, 149760000.0, 0.0, 272000000.0, 0.0, 70400000.0, 0.0, 74240000.0, 0.0, 83200000.0, 0.0, 30080000.0, 0.0, 41600000.0, 0.0, 76800000.0, 0.0, 640000.0, 1280000.0, 2560000.0, 5120000.0, 10240000.0, 20480000.0, 40960000.0, 81920000.0, 163840000.0, 327680000.0, 48640000.0, 0.0, 0.0, 0.0, 0.0, 0.0, 0.0, 0.0, 0.0, 0.0, 0.0, 0.0], [0.0, 98560000.0, 0.0, 33280000.0, 0.0, 30720000.0, 0.0, 69760000.0, 0.0, 46080000.0, 100000000.0, -1922630158.0, 0.0, 81920000.0, 0.0, 3200000.0, 0.0, 5120000.0, 0.0, 109440000.0, 0.0, 51840000.0, 0.0, 149760000.0, 0.0, 272000000.0, 0.0, 70400000.0, 0.0, 74240000.0, 0.0, 83200000.0, 0.0, 30080000.0, 0.0, 41600000.0, 0.0, 76800000.0, 0.0, 0.0, 0.0, 0.0, 0.0, 0.0, 0.0, 0.0, 0.0, 0.0, 0.0, 640000.0, 1280000.0, 2560000.0, 5120000.0, 10240000.0, 20480000.0, 40960000.0, 81920000.0, 163840000.0, 327680000.0, 277120000.0], [197120000.0, 0.0, 66560000.0, 0.0, 61440000.0, 0.0, 139520000.0, 0.0, 92160000.0, 0.0, 81920000.0, 0.0, -2748134457.0, 100000000.0, 6400000.0, 0.0, 10240000.0, 0.0, 218880000.0, 0.0, 103680000.0, 0.0, 299520000.0, 0.0, 544000000.0, 0.0, 140800000.0, 0.0, 148480000.0, 0.0, 166400000.0, 0.0, 60160000.0, 0.0, 83200000.0, 0.0, 153600000.0, 0.0, 1280000.0, 2560000.0, 5120000.0, 10240000.0, 20480000.0, 40960000.0, 81920000.0, 163840000.0, 327680000.0, 655360000.0, 97280000.0, 0.0, 0.0, 0.0, 0.0, 0.0, 0.0, 0.0, 0.0, 0.0, 0.0, 0.0], [0.0, 197120000.0, 0.0, 66560000.0, 0.0, 61440000.0, 0.0, 139520000.0, 0.0, 92160000.0, 0.0, 81920000.0, 100000000.0, -3662117144.0, 0.0, 6400000.0, 0.0, 10240000.0, 0.0, 218880000.0, 0.0, 103680000.0, 0.0, 299520000.0, 0.0, 544000000.0, 0.0, 140800000.0, 0.0, 148480000.0, 0.0, 166400000.0, 0.0, 60160000.0, 0.0, 83200000.0, 0.0, 153600000.0, 0.0, 0.0, 0.0, 0.0, 0.0, 0.0, 0.0, 0.0, 0.0, 0.0, 0.0, 1280000.0, 2560000.0, 5120000.0, 10240000.0, 20480000.0, 40960000.0, 81920000.0, 163840000.0, 327680000.0, 655360000.0, 554240000.0], [7700000.0, 0.0, 2600000.0, 0.0, 2400000.0, 0.0, 5450000.0, 0.0, 3600000.0, 0.0, 3200000.0, 0.0, 6400000.0, 0.0, -209638125.0, 100000000.0, 400000.0, 0.0, 8550000.0, 0.0, 4050000.0, 0.0, 11700000.0, 0.0, 21250000.0, 0.0, 5500000.0, 0.0, 5800000.0, 0.0, 6500000.0, 0.0, 2350000.0, 0.0, 3250000.0, 0.0, 6000000.0, 0.0, 50000.0, 100000.0, 200000.0, 400000.0, 800000.0, 1600000.0, 3200000.0, 6400000.0, 12800000.0, 25600000.0, 3800000.0, 0.0, 0.0, 0.0, 0.0, 0.0, 0.0, 0.0, 0.0, 0.0, 0.0, 0.0], [0.0, 7700000.0, 0.0, 2600000.0, 0.0, 2400000.0, 0.0, 5450000.0, 0.0, 3600000.0, 0.0, 3200000.0, 0.0, 6400000.0, 100000000.0, -245340508.0, 0.0, 400000.0, 0.0, 8550000.0, 0.0, 4050000.0, 0.0, 11700000.0, 0.0, 21250000.0, 0.0, 5500000.0, 0.0, 5800000.0, 0.0, 6500000.0, 0.0, 2350000.0, 0.0, 3250000.0, 0.0, 6000000.0, 0.0, 0.0, 0.0, 0.0, 0.0, 0.0, 0.0, 0.0, 0.0, 0.0, 0.0, 50000.0, 100000.0, 200000.0, 400000.0, 800000.0, 1600000.0, 3200000.0, 6400000.0, 12800000.0, 25600000.0, 21650000.0], [12320000.0, 0.0, 4160000.0, 0.0, 3840000.0, 0.0, 8720000.0, 0.0, 5760000.0, 0.0, 5120000.0, 0.0, 10240000.0, 0.0, 400000.0, 0.0, -275185673.0, 100000000.0, 13680000.0, 0.0, 6480000.0, 0.0, 18720000.0, 0.0, 34000000.0, 0.0, 8800000.0, 0.0, 9280000.0, 0.0, 10400000.0, 0.0, 3760000.0, 0.0, 5200000.0, 0.0, 9600000.0, 0.0, 80000.0, 160000.0, 320000.0, 640000.0, 1280000.0, 2560000.0, 5120000.0, 10240000.0, 20480000.0, 40960000.0, 6080000.0, 0.0, 0.0, 0.0, 0.0, 0.0, 0.0, 0.0, 0.0, 0.0, 0.0, 0.0], [0.0, 12320000.0, 0.0, 4160000.0, 0.0, 3840000.0, 0.0, 8720000.0, 0.0, 5760000.0, 0.0, 5120000.0, 0.0, 10240000.0, 0.0, 400000.0, 100000000.0, -332308778.0, 0.0, 13680000.0, 0.0, 6480000.0, 0.0, 18720000.0, 0.0, 34000000.0, 0.0, 8800000.0, 0.0, 9280000.0, 0.0, 10400000.0, 0.0, 3760000.0, 0.0, 5200000.0, 0.0, 9600000.0, 0.0, 0.0, 0.0, 0.0, 0.0, 0.0, 0.0, 0.0, 0.0, 0.0, 0.0, 80000.0, 160000.0, 320000.0, 640000.0, 1280000.0, 2560000.0, 5120000.0, 10240000.0, 20480000.0, 40960000.0, 34640000.0], [263340000.0, 0.0, 88920000.0, 0.0, 82080000.0, 0.0, 186390000.0, 0.0, 123120000.0, 0.0, 109440000.0, 0.0, 218880000.0, 0.0, 8550000.0, 0.0, 13680000.0, 0.0, -3565849630.0, 100000000.0, 138510000.0, 0.0, 400140000.0, 0.0, 726750000.0, 0.0, 188100000.0, 0.0, 198360000.0, 0.0, 222300000.0, 0.0, 80370000.0, 0.0, 111150000.0, 0.0, 205200000.0, 0.0, 1710000.0, 3420000.0, 6840000.0, 13680000.0, 27360000.0, 54720000.0, 109440000.0, 218880000.0, 437760000.0, 875520000.0, 129960000.0, 0.0, 0.0, 0.0, 0.0, 0.0, 0.0, 0.0, 0.0, 0.0, 0.0, 0.0], [0.0, 263340000.0, 0.0, 88920000.0, 0.0, 82080000.0, 0.0, 186390000.0, 0.0, 123120000.0, 0.0, 109440000.0, 0.0, 218880000.0, 0.0, 8550000.0, 0.0, 13680000.0, 100000000.0, -4786856690.0, 0.0, 138510000.0, 0.0, 400140000.0, 0.0, 726750000.0, 0.0, 188100000.0, 0.0, 198360000.0, 0.0, 222300000.0, 0.0, 80370000.0, 0.0, 111150000.0, 0.0, 205200000.0, 0.0, 0.0, 0.0, 0.0, 0.0, 0.0, 0.0, 0.0, 0.0, 0.0, 0.0, 1710000.0, 3420000.0, 6840000.0, 13680000.0, 27360000.0, 54720000.0, 109440000.0, 218880000.0, 437760000.0, 875520000.0, 740430000.0], [124740000.0, 0.0, 42120000.0, 0.0, 38880000.0, 0.0, 88290000.0, 0.0, 58320000.0, 0.0, 51840000.0, 0.0, 103680000.0, 0.0, 4050000.0, 0.0, 6480000.0, 0.0, 138510000.0, 0.0, -1814621234.0, 100000000.0, 189540000.0, 0.0, 344250000.0, 0.0, 89100000.0, 0.0, 93960000.0, 0.0, 105300000.0, 0.0, 38070000.0, 0.0, 52650000.0, 0.0, 97200000.0, 0.0, 810000.0, 1620000.0, 3240000.0, 6480000.0, 12960000.0, 25920000.0, 51840000.0, 103680000.0, 207360000.0, 414720000.0, 61560000.0, 0.0, 0.0, 0.0, 0.0, 0.0, 0.0, 0.0, 0.0, 0.0, 0.0, 0.0], [0.0, 124740000.0, 0.0, 42120000.0, 0.0, 38880000.0, 0.0, 88290000.0, 0.0, 58320000.0, 0.0, 51840000.0, 0.0, 103680000.0, 0.0, 4050000.0, 0.0, 6480000.0, 0.0, 138510000.0, 100000000.0, -2392992937.0, 0.0, 189540000.0, 0.0, 344250000.0, 0.0, 89100000.0, 0.0, 93960000.0, 0.0, 105300000.0, 0.0, 38070000.0, 0.0, 52650000.0, 0.0, 97200000.0, 0.0, 0.0, 0.0, 0.0, 0.0, 0.0, 0.0, 0.0, 0.0, 0.0, 0.0, 810000.0, 1620000.0, 3240000.0, 6480000.0, 12960000.0, 25920000.0, 51840000.0, 103680000.0, 207360000.0, 414720000.0, 350730000.0], [360360000.0, 0.0, 121680000.0, 0.0, 112320000.0, 0.0, 255060000.0, 0.0, 168480000.0, 0.0, 149760000.0, 0.0, 299520000.0, 0.0, 11700000.0, 0.0, 18720000.0, 0.0, 400140000.0, 0.0, 189540000.0, 0.0, -4695023254.0, 100000000.0, 994500000.0, 0.0, 257400000.0, 0.0, 271440000.0, 0.0, 304200000.0, 0.0, 109980000.0, 0.0, 152100000.0, 0.0, 280800000.0, 0.0, 2340000.0, 4680000.0, 9360000.0, 18720000.0, 37440000.0, 74880000.0, 149760000.0, 299520000.0, 599040000.0, 1198080000.0, 177840000.0, 0.0, 0.0, 0.0, 0.0, 0.0, 0.0, 0.0, 0.0, 0.0, 0.0, 0.0], [0.0, 360360000.0, 0.0, 121680000.0, 0.0, 112320000.0, 0.0, 255060000.0, 0.0, 168480000.0, 0.0, 149760000.0, 0.0, 299520000.0, 0.0, 11700000.0, 0.0, 18720000.0, 0.0, 400140000.0, 0.0, 189540000.0, 100000000.0, -6365877243.0, 0.0, 994500000.0, 0.0, 257400000.0, 0.0, 271440000.0, 0.0, 304200000.0, 0.0, 109980000.0, 0.0, 152100000.0, 0.0, 280800000.0, 0.0, 0.0, 0.0, 0.0, 0.0, 0.0, 0.0, 0.0, 0.0, 0.0, 0.0, 2340000.0, 4680000.0, 9360000.0, 18720000.0, 37440000.0, 74880000.0, 149760000.0, 299520000.0, 599040000.0, 1198080000.0, 1013220000.0], [654500000.0, 0.0, 221000000.0, 0.0, 204000000.0, 0.0, 463250000.0, 0.0, 306000000.0, 0.0, 272000000.0, 0.0, 544000000.0, 0.0, 21250000.0, 0.0, 34000000.0, 0.0, 726750000.0, 0.0, 344250000.0, 0.0, 994500000.0, 0.0, -7633246438.0, 100000000.0, 467500000.0, 0.0, 493000000.0, 0.0, 552500000.0, 0.0, 199750000.0, 0.0, 276250000.0, 0.0, 510000000.0, 0.0, 4250000.0, 8500000.0, 17000000.0, 34000000.0, 68000000.0, 136000000.0, 272000000.0, 544000000.0, 1088000000.0, 2176000000.0, 323000000.0, 0.0, 0.0, 0.0, 0.0, 0.0, 0.0, 0.0, 0.0, 0.0, 0.0, 0.0], [0.0, 654500000.0, 0.0, 221000000.0, 0.0, 204000000.0, 0.0, 463250000.0, 0.0, 306000000.0, 0.0, 272000000.0, 0.0, 544000000.0, 0.0, 21250000.0, 0.0, 34000000.0, 0.0, 726750000.0, 0.0, 344250000.0, 0.0, 994500000.0, 100000000.0, -10667914776.0, 0.0, 467500000.0, 0.0, 493000000.0, 0.0, 552500000.0, 0.0, 199750000.0, 0.0, 276250000.0, 0.0, 510000000.0, 0.0, 0.0, 0.0, 0.0, 0.0, 0.0, 0.0, 0.0, 0.0, 0.0, 0.0, 4250000.0, 8500000.0, 17000000.0, 34000000.0, 68000000.0, 136000000.0, 272000000.0, 544000000.0, 1088000000.0, 2176000000.0, 1840250000.0], [169400000.0, 0.0, 57200000.0, 0.0, 52800000.0, 0.0, 119900000.0, 0.0, 79200000.0, 0.0, 70400000.0, 0.0, 140800000.0, 0.0, 5500000.0, 0.0, 8800000.0, 0.0, 188100000.0, 0.0, 89100000.0, 0.0, 257400000.0, 0.0, 467500000.0, 0.0, -2396596054.0, 100000000.0, 127600000.0, 0.0, 143000000.0, 0.0, 51700000.0, 0.0, 71500000.0, 0.0, 132000000.0, 0.0, 1100000.0, 2200000.0, 4400000.0, 8800000.0, 17600000.0, 35200000.0, 70400000.0, 140800000.0, 281600000.0, 563200000.0, 83600000.0, 0.0, 0.0, 0.0, 0.0, 0.0, 0.0, 0.0, 0.0, 0.0, 0.0, 0.0], [0.0, 169400000.0, 0.0, 57200000.0, 0.0, 52800000.0, 0.0, 119900000.0, 0.0, 79200000.0, 0.0, 70400000.0, 0.0, 140800000.0, 0.0, 5500000.0, 0.0, 8800000.0, 0.0, 188100000.0, 0.0, 89100000.0, 0.0, 257400000.0, 0.0, 467500000.0, 100000000.0, -3182039427.0, 0.0, 127600000.0, 0.0, 143000000.0, 0.0, 51700000.0, 0.0, 71500000.0, 0.0, 132000000.0, 0.0, 0.0, 0.0, 0.0, 0.0, 0.0, 0.0, 0.0, 0.0, 0.0, 0.0, 1100000.0, 2200000.0, 4400000.0, 8800000.0, 17600000.0, 35200000.0, 70400000.0, 140800000.0, 281600000.0, 563200000.0, 476300000.0], [178640000.0, 0.0, 60320000.0, 0.0, 55680000.0, 0.0, 126440000.0, 0.0, 83520000.0, 0.0, 74240000.0, 0.0, 148480000.0, 0.0, 5800000.0, 0.0, 9280000.0, 0.0, 198360000.0, 0.0, 93960000.0, 0.0, 271440000.0, 0.0, 493000000.0, 0.0, 127600000.0, 0.0, -2514908394.0, 100000000.0, 150800000.0, 0.0, 54520000.0, 0.0, 75400000.0, 0.0, 139200000.0, 0.0, 1160000.0, 2320000.0, 4640000.0, 9280000.0, 18560000.0, 37120000.0, 74240000.0, 148480000.0, 296960000.0, 593920000.0, 88160000.0, 0.0, 0.0, 0.0, 0.0, 0.0, 0.0, 0.0, 0.0, 0.0, 0.0, 0.0], [0.0, 178640000.0, 0.0, 60320000.0, 0.0, 55680000.0, 0.0, 126440000.0, 0.0, 83520000.0, 0.0, 74240000.0, 0.0, 148480000.0, 0.0, 5800000.0, 0.0, 9280000.0, 0.0, 198360000.0, 0.0, 93960000.0, 0.0, 271440000.0, 0.0, 493000000.0, 0.0, 127600000.0, 100000000.0, -3343194374.0, 0.0, 150800000.0, 0.0, 54520000.0, 0.0, 75400000.0, 0.0, 139200000.0, 0.0, 0.0, 0.0, 0.0, 0.0, 0.0, 0.0, 0.0, 0.0, 0.0, 0.0, 1160000.0, 2320000.0, 4640000.0, 9280000.0, 18560000.0, 37120000.0, 74240000.0, 148480000.0, 296960000.0, 593920000.0, 502280000.0], [200200000.0, 0.0, 67600000.0, 0.0, 62400000.0, 0.0, 141700000.0, 0.0, 93600000.0, 0.0, 83200000.0, 0.0, 166400000.0, 0.0, 6500000.0, 0.0, 10400000.0, 0.0, 222300000.0, 0.0, 105300000.0, 0.0, 304200000.0, 0.0, 552500000.0, 0.0, 143000000.0, 0.0, 150800000.0, 0.0, -2788147145.0, 100000000.0, 61100000.0, 0.0, 84500000.0, 0.0, 156000000.0, 0.0, 1300000.0, 2600000.0, 5200000.0, 10400000.0, 20800000.0, 41600000.0, 83200000.0, 166400000.0, 332800000.0, 665600000.0, 98800000.0, 0.0, 0.0, 0.0, 0.0, 0.0, 0.0, 0.0, 0.0, 0.0, 0.0, 0.0], [0.0, 200200000.0, 0.0, 67600000.0, 0.0, 62400000.0, 0.0, 141700000.0, 0.0, 93600000.0, 0.0, 83200000.0, 0.0, 166400000.0, 0.0, 6500000.0, 0.0, 10400000.0, 0.0, 222300000.0, 0.0, 105300000.0, 0.0, 304200000.0, 0.0, 552500000.0, 0.0, 143000000.0, 0.0, 150800000.0, 100000000.0, -3716395863.0, 0.0, 61100000.0, 0.0, 84500000.0, 0.0, 156000000.0, 0.0, 0.0, 0.0, 0.0, 0.0, 0.0, 0.0, 0.0, 0.0, 0.0, 0.0, 1300000.0, 2600000.0, 5200000.0, 10400000.0, 20800000.0, 41600000.0, 83200000.0, 166400000.0, 332800000.0, 665600000.0, 562900000.0], [72380000.0, 0.0, 24440000.0, 0.0, 22560000.0, 0.0, 51230000.0, 0.0, 33840000.0, 0.0, 30080000.0, 0.0, 60160000.0, 0.0, 2350000.0, 0.0, 3760000.0, 0.0, 80370000.0, 0.0, 38070000.0, 0.0, 109980000.0, 0.0, 199750000.0, 0.0, 51700000.0, 0.0, 54520000.0, 0.0, 61100000.0, 0.0, -1110886277.0, 100000000.0, 30550000.0, 0.0, 56400000.0, 0.0, 470000.0, 940000.0, 1880000.0, 3760000.0, 7520000.0, 15040000.0, 30080000.0, 60160000.0, 120320000.0, 240640000.0, 35720000.0, 0.0, 0.0, 0.0, 0.0, 0.0, 0.0, 0.0, 0.0, 0.0, 0.0, 0.0], [0.0, 72380000.0, 0.0, 24440000.0, 0.0, 22560000.0, 0.0, 51230000.0, 0.0, 33840000.0, 0.0, 30080000.0, 0.0, 60160000.0, 0.0, 2350000.0, 0.0, 3760000.0, 0.0, 80370000.0, 0.0, 38070000.0, 0.0, 109980000.0, 0.0, 199750000.0, 0.0, 51700000.0, 0.0, 54520000.0, 0.0, 61100000.0, 100000000.0, -1446484010.0, 0.0, 30550000.0, 0.0, 56400000.0, 0.0, 0.0, 0.0, 0.0, 0.0, 0.0, 0.0, 0.0, 0.0, 0.0, 0.0, 470000.0, 940000.0, 1880000.0, 3760000.0, 7520000.0, 15040000.0, 30080000.0, 60160000.0, 120320000.0, 240640000.0, 203510000.0], [100100000.0, 0.0, 33800000.0, 0.0, 31200000.0, 0.0, 70850000.0, 0.0, 46800000.0, 0.0, 41600000.0, 0.0, 83200000.0, 0.0, 3250000.0, 0.0, 5200000.0, 0.0, 111150000.0, 0.0, 52650000.0, 0.0, 152100000.0, 0.0, 276250000.0, 0.0, 71500000.0, 0.0, 75400000.0, 0.0, 84500000.0, 0.0, 30550000.0, 0.0, -1486333502.0, 100000000.0, 78000000.0, 0.0, 650000.0, 1300000.0, 2600000.0, 5200000.0, 10400000.0, 20800000.0, 41600000.0, 83200000.0, 166400000.0, 332800000.0, 49400000.0, 0.0, 0.0, 0.0, 0.0, 0.0, 0.0, 0.0, 0.0, 0.0, 0.0, 0.0], [0.0, 100100000.0, 0.0, 33800000.0, 0.0, 31200000.0, 0.0, 70850000.0, 0.0, 46800000.0, 0.0, 41600000.0, 0.0, 83200000.0, 0.0, 3250000.0, 0.0, 5200000.0, 0.0, 111150000.0, 0.0, 52650000.0, 0.0, 152100000.0, 0.0, 276250000.0, 0.0, 71500000.0, 0.0, 75400000.0, 0.0, 84500000.0, 0.0, 30550000.0, 100000000.0, -1950444705.0, 0.0, 78000000.0, 0.0, 0.0, 0.0, 0.0, 0.0, 0.0, 0.0, 0.0, 0.0, 0.0, 0.0, 650000.0, 1300000.0, 2600000.0, 5200000.0, 10400000.0, 20800000.0, 41600000.0, 83200000.0, 166400000.0, 332800000.0, 281450000.0], [184800000.0, 0.0, 62400000.0, 0.0, 57600000.0, 0.0, 130800000.0, 0.0, 86400000.0, 0.0, 76800000.0, 0.0, 153600000.0, 0.0, 6000000.0, 0.0, 9600000.0, 0.0, 205200000.0, 0.0, 97200000.0, 0.0, 280800000.0, 0.0, 510000000.0, 0.0, 132000000.0, 0.0, 139200000.0, 0.0, 156000000.0, 0.0, 56400000.0, 0.0, 78000000.0, 0.0, -2593383681.0, 100000000.0, 1200000.0, 2400000.0, 4800000.0, 9600000.0, 19200000.0, 38400000.0, 76800000.0, 153600000.0, 307200000.0, 614400000.0, 91200000.0, 0.0, 0.0, 0.0, 0.0, 0.0, 0.0, 0.0, 0.0, 0.0, 0.0, 0.0], [0.0, 184800000.0, 0.0, 62400000.0, 0.0, 57600000.0, 0.0, 130800000.0, 0.0, 86400000.0, 0.0, 76800000.0, 0.0, 153600000.0, 0.0, 6000000.0, 0.0, 9600000.0, 0.0, 205200000.0, 0.0, 97200000.0, 0.0, 280800000.0, 0.0, 510000000.0, 0.0, 132000000.0, 0.0, 139200000.0, 0.0, 156000000.0, 0.0, 56400000.0, 0.0, 78000000.0, 100000000.0, -3449836453.0, 0.0, 0.0, 0.0, 0.0, 0.0, 0.0, 0.0, 0.0, 0.0, 0.0, 0.0, 1200000.0, 2400000.0, 4800000.0, 9600000.0, 19200000.0, 38400000.0, 76800000.0, 153600000.0, 307200000.0, 614400000.0, 519600000.0], [1540000.0, 0.0, 520000.0, 0.0, 480000.0, 0.0, 1090000.0, 0.0, 720000.0, 0.0, 640000.0, 0.0, 1280000.0, 0.0, 50000.0, 0.0, 80000.0, 0.0, 1710000.0, 0.0, 810000.0, 0.0, 2340000.0, 0.0, 4250000.0, 0.0, 1100000.0, 0.0, 1160000.0, 0.0, 1300000.0, 0.0, 470000.0, 0.0, 650000.0, 0.0, 1200000.0, 0.0, -21970000.0, 20000.0, 40000.0, 80000.0, 160000.0, 320000.0, 640000.0, 1280000.0, 2560000.0, 5120000.0, 760000.0, 0.0, 0.0, 0.0, 0.0, 0.0, 0.0, 0.0, 0.0, 0.0, 0.0, 0.0], [3080000.0, 0.0, 1040000.0, 0.0, 960000.0, 0.0, 2180000.0, 0.0, 1440000.0, 0.0, 1280000.0, 0.0, 2560000.0, 0.0, 100000.0, 0.0, 160000.0, 0.0, 3420000.0, 0.0, 1620000.0, 0.0, 4680000.0, 0.0, 8500000.0, 0.0, 2200000.0, 0.0, 2320000.0, 0.0, 2600000.0, 0.0, 940000.0, 0.0, 1300000.0, 0.0, 2400000.0, 0.0, 20000.0, -43920000.0, 80000.0, 160000.0, 320000.0, 640000.0, 1280000.0, 2560000.0, 5120000.0, 10240000.0, 1520000.0, 0.0, 0.0, 0.0, 0.0, 0.0, 0.0, 0.0, 0.0, 0.0, 0.0, 0.0], [6160000.0, 0.0, 2080000.0, 0.0, 1920000.0, 0.0, 4360000.0, 0.0, 2880000.0, 0.0, 2560000.0, 0.0, 5120000.0, 0.0, 200000.0, 0.0, 320000.0, 0.0, 6840000.0, 0.0, 3240000.0, 0.0, 9360000.0, 0.0, 17000000.0, 0.0, 4400000.0, 0.0, 4640000.0, 0.0, 5200000.0, 0.0, 1880000.0, 0.0, 2600000.0, 0.0, 4800000.0, 0.0, 40000.0, 80000.0, -87760000.0, 320000.0, 640000.0, 1280000.0, 2560000.0, 5120000.0, 10240000.0, 20480000.0, 3040000.0, 0.0, 0.0, 0.0, 0.0, 0.0, 0.0, 0.0, 0.0, 0.0, 0.0, 0.0], [12320000.0, 0.0, 4160000.0, 0.0, 3840000.0, 0.0, 8720000.0, 0.0, 5760000.0, 0.0, 5120000.0, 0.0, 10240000.0, 0.0, 400000.0, 0.0, 640000.0, 0.0, 13680000.0, 0.0, 6480000.0, 0.0, 18720000.0, 0.0, 34000000.0, 0.0, 8800000.0, 0.0, 9280000.0, 0.0, 10400000.0, 0.0, 3760000.0, 0.0, 5200000.0, 0.0, 9600000.0, 0.0, 80000.0, 160000.0, 320000.0, -175200000.0, 1280000.0, 2560000.0, 5120000.0, 10240000.0, 20480000.0, 40960000.0, 6080000.0, 0.0, 0.0, 0.0, 0.0, 0.0, 0.0, 0.0, 0.0, 0.0, 0.0, 0.0], [24640000.0, 0.0, 8320000.0, 0.0, 7680000.0, 0.0, 17440000.0, 0.0, 11520000.0, 0.0, 10240000.0, 0.0, 20480000.0, 0.0, 800000.0, 0.0, 1280000.0, 0.0, 27360000.0, 0.0, 12960000.0, 0.0, 37440000.0, 0.0, 68000000.0, 0.0, 17600000.0, 0.0, 18560000.0, 0.0, 20800000.0, 0.0, 7520000.0, 0.0, 10400000.0, 0.0, 19200000.0, 0.0, 160000.0, 320000.0, 640000.0, 1280000.0, -349120000.0, 5120000.0, 10240000.0, 20480000.0, 40960000.0, 81920000.0, 12160000.0, 0.0, 0.0, 0.0, 0.0, 0.0, 0.0, 0.0, 0.0, 0.0, 0.0, 0.0], [49280000.0, 0.0, 16640000.0, 0.0, 15360000.0, 0.0, 34880000.0, 0.0, 23040000.0, 0.0, 20480000.0, 0.0, 40960000.0, 0.0, 1600000.0, 0.0, 2560000.0, 0.0, 54720000.0, 0.0, 25920000.0, 0.0, 74880000.0, 0.0, 136000000.0, 0.0, 35200000.0, 0.0, 37120000.0, 0.0, 41600000.0, 0.0, 15040000.0, 0.0, 20800000.0, 0.0, 38400000.0, 0.0, 320000.0, 640000.0, 1280000.0, 2560000.0, 5120000.0, -693120000.0, 20480000.0, 40960000.0, 81920000.0, 163840000.0, 24320000.0, 0.0, 0.0, 0.0, 0.0, 0.0, 0.0, 0.0, 0.0, 0.0, 0.0, 0.0], [98560000.0, 0.0, 33280000.0, 0.0, 30720000.0, 0.0, 69760000.0, 0.0, 46080000.0, 0.0, 40960000.0, 0.0, 81920000.0, 0.0, 3200000.0, 0.0, 5120000.0, 0.0, 109440000.0, 0.0, 51840000.0, 0.0, 149760000.0, 0.0, 272000000.0, 0.0, 70400000.0, 0.0, 74240000.0, 0.0, 83200000.0, 0.0, 30080000.0, 0.0, 41600000.0, 0.0, 76800000.0, 0.0, 640000.0, 1280000.0, 2560000.0, 5120000.0, 10240000.0, 20480000.0, -1365760000.0, 81920000.0, 163840000.0, 327680000.0, 48640000.0, 0.0, 0.0, 0.0, 0.0, 0.0, 0.0, 0.0, 0.0, 0.0, 0.0, 0.0], [197120000.0, 0.0, 66560000.0, 0.0, 61440000.0, 0.0, 139520000.0, 0.0, 92160000.0, 0.0, 81920000.0, 0.0, 163840000.0, 0.0, 6400000.0, 0.0, 10240000.0, 0.0, 218880000.0, 0.0, 103680000.0, 0.0, 299520000.0, 0.0, 544000000.0, 0.0, 140800000.0, 0.0, 148480000.0, 0.0, 166400000.0, 0.0, 60160000.0, 0.0, 83200000.0, 0.0, 153600000.0, 0.0, 1280000.0, 2560000.0, 5120000.0, 10240000.0, 20480000.0, 40960000.0, 81920000.0, -2649600000.0, 327680000.0, 655360000.0, 97280000.0, 0.0, 0.0, 0.0, 0.0, 0.0, 0.0, 0.0, 0.0, 0.0, 0.0, 0.0], [394240000.0, 0.0, 133120000.0, 0.0, 122880000.0, 0.0, 279040000.0, 0.0, 184320000.0, 0.0, 163840000.0, 0.0, 327680000.0, 0.0, 12800000.0, 0.0, 20480000.0, 0.0, 437760000.0, 0.0, 207360000.0, 0.0, 599040000.0, 0.0, 1088000000.0, 0.0, 281600000.0, 0.0, 296960000.0, 0.0, 332800000.0, 0.0, 120320000.0, 0.0, 166400000.0, 0.0, 307200000.0, 0.0, 2560000.0, 5120000.0, 10240000.0, 20480000.0, 40960000.0, 81920000.0, 163840000.0, 327680000.0, -4971520000.0, 1310720000.0, 194560000.0, 0.0, 0.0, 0.0, 0.0, 0.0, 0.0, 0.0, 0.0, 0.0, 0.0, 0.0], [788480000.0, 0.0, 266240000.0, 0.0, 245760000.0, 0.0, 558080000.0, 0.0, 368640000.0, 0.0, 327680000.0, 0.0, 655360000.0, 0.0, 25600000.0, 0.0, 40960000.0, 0.0, 875520000.0, 0.0, 414720000.0, 0.0, 1198080000.0, 0.0, 2176000000.0, 0.0, 563200000.0, 0.0, 593920000.0, 0.0, 665600000.0, 0.0, 240640000.0, 0.0, 332800000.0, 0.0, 614400000.0, 0.0, 5120000.0, 10240000.0, 20480000.0, 40960000.0, 81920000.0, 163840000.0, 327680000.0, 655360000.0, 1310720000.0, -8632320000.0, 389120000.0, 0.0, 0.0, 0.0, 0.0, 0.0, 0.0, 0.0, 0.0, 0.0, 0.0, 0.0], [117040000.0, 0.0, 39520000.0, 0.0, 36480000.0, 0.0, 82840000.0, 0.0, 54720000.0, 0.0, 48640000.0, 0.0, 97280000.0, 0.0, 3800000.0, 0.0, 6080000.0, 0.0, 129960000.0, 0.0, 61560000.0, 0.0, 177840000.0, 0.0, 323000000.0, 0.0, 83600000.0, 0.0, 88160000.0, 0.0, 98800000.0, 0.0, 35720000.0, 0.0, 49400000.0, 0.0, 91200000.0, 0.0, 760000.0, 1520000.0, 3040000.0, 6080000.0, 12160000.0, 24320000.0, 48640000.0, 97280000.0, 194560000.0, 389120000.0, -1612720000.0, 0.0, 0.0, 0.0, 0.0, 0.0, 0.0, 0.0, 0.0, 0.0, 0.0, 0.0], [0.0, 1540000.0, 0.0, 520000.0, 0.0, 480000.0, 0.0, 1090000.0, 0.0, 720000.0, 0.0, 640000.0, 0.0, 1280000.0, 0.0, 50000.0, 0.0, 80000.0, 0.0, 1710000.0, 0.0, 810000.0, 0.0, 2340000.0, 0.0, 4250000.0, 0.0, 1100000.0, 0.0, 1160000.0, 0.0, 1300000.0, 0.0, 470000.0, 0.0, 650000.0, 0.0, 1200000.0, 0.0, 0.0, 0.0, 0.0, 0.0, 0.0, 0.0, 0.0, 0.0, 0.0, 0.0, -29110000.0, 20000.0, 40000.0, 80000.0, 160000.0, 320000.0, 640000.0, 1280000.0, 2560000.0, 5120000.0, 4330000.0], [0.0, 3080000.0, 0.0, 1040000.0, 0.0, 960000.0, 0.0, 2180000.0, 0.0, 1440000.0, 0.0, 1280000.0, 0.0, 2560000.0, 0.0, 100000.0, 0.0, 160000.0, 0.0, 3420000.0, 0.0, 1620000.0, 0.0, 4680000.0, 0.0, 8500000.0, 0.0, 2200000.0, 0.0, 2320000.0, 0.0, 2600000.0, 0.0, 940000.0, 0.0, 1300000.0, 0.0, 2400000.0, 0.0, 0.0, 0.0, 0.0, 0.0, 0.0, 0.0, 0.0, 0.0, 0.0, 0.0, 20000.0, -58200000.0, 80000.0, 160000.0, 320000.0, 640000.0, 1280000.0, 2560000.0, 5120000.0, 10240000.0, 8660000.0], [0.0, 6160000.0, 0.0, 2080000.0, 0.0, 1920000.0, 0.0, 4360000.0, 0.0, 2880000.0, 0.0, 2560000.0, 0.0, 5120000.0, 0.0, 200000.0, 0.0, 320000.0, 0.0, 6840000.0, 0.0, 3240000.0, 0.0, 9360000.0, 0.0, 17000000.0, 0.0, 4400000.0, 0.0, 4640000.0, 0.0, 5200000.0, 0.0, 1880000.0, 0.0, 2600000.0, 0.0, 4800000.0, 0.0, 0.0, 0.0, 0.0, 0.0, 0.0, 0.0, 0.0, 0.0, 0.0, 0.0, 40000.0, 80000.0, -116320000.0, 320000.0, 640000.0, 1280000.0, 2560000.0, 5120000.0, 10240000.0, 20480000.0, 17320000.0], [0.0, 12320000.0, 0.0, 4160000.0, 0.0, 3840000.0, 0.0, 8720000.0, 0.0, 5760000.0, 0.0, 5120000.0, 0.0, 10240000.0, 0.0, 400000.0, 0.0, 640000.0, 0.0, 13680000.0, 0.0, 6480000.0, 0.0, 18720000.0, 0.0, 34000000.0, 0.0, 8800000.0, 0.0, 9280000.0, 0.0, 10400000.0, 0.0, 3760000.0, 0.0, 5200000.0, 0.0, 9600000.0, 0.0, 0.0, 0.0, 0.0, 0.0, 0.0, 0.0, 0.0, 0.0, 0.0, 0.0, 80000.0, 160000.0, 320000.0, -232320000.0, 1280000.0, 2560000.0, 5120000.0, 10240000.0, 20480000.0, 40960000.0, 34640000.0], [0.0, 24640000.0, 0.0, 8320000.0, 0.0, 7680000.0, 0.0, 17440000.0, 0.0, 11520000.0, 0.0, 10240000.0, 0.0, 20480000.0, 0.0, 800000.0, 0.0, 1280000.0, 0.0, 27360000.0, 0.0, 12960000.0, 0.0, 37440000.0, 0.0, 68000000.0, 0.0, 17600000.0, 0.0, 18560000.0, 0.0, 20800000.0, 0.0, 7520000.0, 0.0, 10400000.0, 0.0, 19200000.0, 0.0, 0.0, 0.0, 0.0, 0.0, 0.0, 0.0, 0.0, 0.0, 0.0, 0.0, 160000.0, 320000.0, 640000.0, 1280000.0, -463360000.0, 5120000.0, 10240000.0, 20480000.0, 40960000.0, 81920000.0, 69280000.0], [0.0, 49280000.0, 0.0, 16640000.0, 0.0, 15360000.0, 0.0, 34880000.0, 0.0, 23040000.0, 0.0, 20480000.0, 0.0, 40960000.0, 0.0, 1600000.0, 0.0, 2560000.0, 0.0, 54720000.0, 0.0, 25920000.0, 0.0, 74880000.0, 0.0, 136000000.0, 0.0, 35200000.0, 0.0, 37120000.0, 0.0, 41600000.0, 0.0, 15040000.0, 0.0, 20800000.0, 0.0, 38400000.0, 0.0, 0.0, 0.0, 0.0, 0.0, 0.0, 0.0, 0.0, 0.0, 0.0, 0.0, 320000.0, 640000.0, 1280000.0, 2560000.0, 5120000.0, -921600000.0, 20480000.0, 40960000.0, 81920000.0, 163840000.0, 138560000.0], [0.0, 98560000.0, 0.0, 33280000.0, 0.0, 30720000.0, 0.0, 69760000.0, 0.0, 46080000.0, 0.0, 40960000.0, 0.0, 81920000.0, 0.0, 3200000.0, 0.0, 5120000.0, 0.0, 109440000.0, 0.0, 51840000.0, 0.0, 149760000.0, 0.0, 272000000.0, 0.0, 70400000.0, 0.0, 74240000.0, 0.0, 83200000.0, 0.0, 30080000.0, 0.0, 41600000.0, 0.0, 76800000.0, 0.0, 0.0, 0.0, 0.0, 0.0, 0.0, 0.0, 0.0, 0.0, 0.0, 0.0, 640000.0, 1280000.0, 2560000.0, 5120000.0, 10240000.0, 20480000.0, -1822720000.0, 81920000.0, 163840000.0, 327680000.0, 277120000.0], [0.0, 197120000.0, 0.0, 66560000.0, 0.0, 61440000.0, 0.0, 139520000.0, 0.0, 92160000.0, 0.0, 81920000.0, 0.0, 163840000.0, 0.0, 6400000.0, 0.0, 10240000.0, 0.0, 218880000.0, 0.0, 103680000.0, 0.0, 299520000.0, 0.0, 544000000.0, 0.0, 140800000.0, 0.0, 148480000.0, 0.0, 166400000.0, 0.0, 60160000.0, 0.0, 83200000.0, 0.0, 153600000.0, 0.0, 0.0, 0.0, 0.0, 0.0, 0.0, 0.0, 0.0, 0.0, 0.0, 0.0, 1280000.0, 2560000.0, 5120000.0, 10240000.0, 20480000.0, 40960000.0, 81920000.0, -3563520000.0, 327680000.0, 655360000.0, 554240000.0], [0.0, 394240000.0, 0.0, 133120000.0, 0.0, 122880000.0, 0.0, 279040000.0, 0.0, 184320000.0, 0.0, 163840000.0, 0.0, 327680000.0, 0.0, 12800000.0, 0.0, 20480000.0, 0.0, 437760000.0, 0.0, 207360000.0, 0.0, 599040000.0, 0.0, 1088000000.0, 0.0, 281600000.0, 0.0, 296960000.0, 0.0, 332800000.0, 0.0, 120320000.0, 0.0, 166400000.0, 0.0, 307200000.0, 0.0, 0.0, 0.0, 0.0, 0.0, 0.0, 0.0, 0.0, 0.0, 0.0, 0.0, 2560000.0, 5120000.0, 10240000.0, 20480000.0, 40960000.0, 81920000.0, 163840000.0, 327680000.0, -6799360000.0, 1310720000.0, 1108480000.0], [0.0, 788480000.0, 0.0, 266240000.0, 0.0, 245760000.0, 0.0, 558080000.0, 0.0, 368640000.0, 0.0, 327680000.0, 0.0, 655360000.0, 0.0, 25600000.0, 0.0, 40960000.0, 0.0, 875520000.0, 0.0, 414720000.0, 0.0, 1198080000.0, 0.0, 2176000000.0, 0.0, 563200000.0, 0.0, 593920000.0, 0.0, 665600000.0, 0.0, 240640000.0, 0.0, 332800000.0, 0.0, 614400000.0, 0.0, 0.0, 0.0, 0.0, 0.0, 0.0, 0.0, 0.0, 0.0, 0.0, 0.0, 5120000.0, 10240000.0, 20480000.0, 40960000.0, 81920000.0, 163840000.0, 327680000.0, 655360000.0, 1310720000.0, -12288000000.0, 2216960000.0], [0.0, 666820000.0, 0.0, 225160000.0, 0.0, 207840000.0, 0.0, 471970000.0, 0.0, 311760000.0, 0.0, 277120000.0, 0.0, 554240000.0, 0.0, 21650000.0, 0.0, 34640000.0, 0.0, 740430000.0, 0.0, 350730000.0, 0.0, 1013220000.0, 0.0, 1840250000.0, 0.0, 476300000.0, 0.0, 502280000.0, 0.0, 562900000.0, 0.0, 203510000.0, 0.0, 281450000.0, 0.0, 519600000.0, 0.0, 0.0, 0.0, 0.0, 0.0, 0.0, 0.0, 0.0, 0.0, 0.0, 0.0, 4330000.0, 8660000.0, 17320000.0, 34640000.0, 69280000.0, 138560000.0, 277120000.0, 554240000.0, 1108480000.0, 2216960000.0, -10734070000.0]]"
  },
  "variable_mappings": [
    {
      "machine_id": 24,
      "machine_name_convenience_only": "GP260",
      "dieset_id": 11,
      "dieset_number_convenience_only": "4984449, 4984462",
      "variable_id": 0,
      "variable_name_convenience_only": "md_GP260_4984449, 4984462"
    },
    {
      "machine_id": 27,
      "machine_name_convenience_only": "GP640",
      "dieset_id": 11,
      "dieset_number_convenience_only": "4984449, 4984462",
      "variable_id": 1,
      "variable_name_convenience_only": "md_GP640_4984449, 4984462"
    },
    {
      "machine_id": 24,
      "machine_name_convenience_only": "GP260",
      "dieset_id": 10,
      "dieset_number_convenience_only": "4984449, 5031550",
      "variable_id": 2,
      "variable_name_convenience_only": "md_GP260_4984449, 5031550"
    },
    {
      "machine_id": 27,
      "machine_name_convenience_only": "GP640",
      "dieset_id": 10,
      "dieset_number_convenience_only": "4984449, 5031550",
      "variable_id": 3,
      "variable_name_convenience_only": "md_GP640_4984449, 5031550"
    },
    {
      "machine_id": 24,
      "machine_name_convenience_only": "GP260",
      "dieset_id": 1,
      "dieset_number_convenience_only": "4985498",
      "variable_id": 4,
      "variable_name_convenience_only": "md_GP260_4985498"
    },
    {
      "machine_id": 27,
      "machine_name_convenience_only": "GP640",
      "dieset_id": 1,
      "dieset_number_convenience_only": "4985498",
      "variable_id": 5,
      "variable_name_convenience_only": "md_GP640_4985498"
    },
    {
      "machine_id": 24,
      "machine_name_convenience_only": "GP260",
      "dieset_id": 4,
      "dieset_number_convenience_only": "5090393",
      "variable_id": 6,
      "variable_name_convenience_only": "md_GP260_5090393"
    },
    {
      "machine_id": 27,
      "machine_name_convenience_only": "GP640",
      "dieset_id": 4,
      "dieset_number_convenience_only": "5090393",
      "variable_id": 7,
      "variable_name_convenience_only": "md_GP640_5090393"
    },
    {
      "machine_id": 24,
      "machine_name_convenience_only": "GP260",
      "dieset_id": 35,
      "dieset_number_convenience_only": "5101959",
      "variable_id": 8,
      "variable_name_convenience_only": "md_GP260_5101959"
    },
    {
      "machine_id": 27,
      "machine_name_convenience_only": "GP640",
      "dieset_id": 35,
      "dieset_number_convenience_only": "5101959",
      "variable_id": 9,
      "variable_name_convenience_only": "md_GP640_5101959"
    },
    {
      "machine_id": 24,
      "machine_name_convenience_only": "GP260",
      "dieset_id": 38,
      "dieset_number_convenience_only": "5102992",
      "variable_id": 10,
      "variable_name_convenience_only": "md_GP260_5102992"
    },
    {
      "machine_id": 27,
      "machine_name_convenience_only": "GP640",
      "dieset_id": 38,
      "dieset_number_convenience_only": "5102992",
      "variable_id": 11,
      "variable_name_convenience_only": "md_GP640_5102992"
    },
    {
      "machine_id": 24,
      "machine_name_convenience_only": "GP260",
      "dieset_id": 17,
      "dieset_number_convenience_only": "5103015",
