{
  "qubo": {
    "id": 0,
    "name": "MachineDiesetProblem",
    "variables": [
      {
        "id": 0,
        "name": "0",
        "slack": false
      },
      {
        "id": 1,
        "name": "1",
        "slack": false
      },
      {
        "id": 2,
        "name": "2",
        "slack": false
      },
      {
        "id": 3,
        "name": "3",
        "slack": false
      },
      {
        "id": 4,
        "name": "4",
        "slack": false
      },
      {
        "id": 5,
        "name": "5",
        "slack": false
      },
      {
        "id": 6,
        "name": "6",
        "slack": false
      },
      {
        "id": 7,
        "name": "7",
        "slack": false
      },
      {
        "id": 8,
        "name": "8",
        "slack": false
      },
      {
        "id": 9,
        "name": "9",
        "slack": false
      },
      {
        "id": 10,
        "name": "10",
        "slack": false
      },
      {
        "id": 11,
        "name": "11",
        "slack": false
      },
      {
        "id": 12,
        "name": "12",
        "slack": false
      },
      {
        "id": 13,
        "name": "13",
        "slack": false
      },
      {
        "id": 14,
        "name": "14",
        "slack": false
      },
      {
        "id": 15,
        "name": "15",
        "slack": false
      },
      {
        "id": 16,
        "name": "16",
        "slack": false
      },
      {
        "id": 17,
        "name": "17",
        "slack": false
      },
      {
        "id": 18,
        "name": "capacity_constraint_machine_24@int_slack@0",
        "slack": true
      },
      {
        "id": 19,
        "name": "capacity_constraint_machine_24@int_slack@1",
        "slack": true
      },
      {
        "id": 20,
        "name": "capacity_constraint_machine_24@int_slack@2",
        "slack": true
      },
      {
        "id": 21,
        "name": "capacity_constraint_machine_24@int_slack@3",
        "slack": true
      },
      {
        "id": 22,
        "name": "capacity_constraint_machine_24@int_slack@4",
        "slack": true
      },
      {
        "id": 23,
        "name": "capacity_constraint_machine_24@int_slack@5",
        "slack": true
      },
      {
        "id": 24,
        "name": "capacity_constraint_machine_24@int_slack@6",
        "slack": true
      },
      {
        "id": 25,
        "name": "capacity_constraint_machine_24@int_slack@7",
        "slack": true
      },
      {
        "id": 26,
        "name": "capacity_constraint_machine_24@int_slack@8",
        "slack": true
      },
      {
        "id": 27,
        "name": "capacity_constraint_machine_27@int_slack@0",
        "slack": true
      },
      {
        "id": 28,
        "name": "capacity_constraint_machine_27@int_slack@1",
        "slack": true
      },
      {
        "id": 29,
        "name": "capacity_constraint_machine_27@int_slack@2",
        "slack": true
      },
      {
        "id": 30,
        "name": "capacity_constraint_machine_27@int_slack@3",
        "slack": true
      },
      {
        "id": 31,
        "name": "capacity_constraint_machine_27@int_slack@4",
        "slack": true
      },
      {
        "id": 32,
        "name": "capacity_constraint_machine_27@int_slack@5",
        "slack": true
      },
      {
        "id": 33,
        "name": "capacity_constraint_machine_27@int_slack@6",
        "slack": true
      },
      {
        "id": 34,
        "name": "capacity_constraint_machine_27@int_slack@7",
        "slack": true
      },
      {
        "id": 35,
        "name": "capacity_constraint_machine_27@int_slack@8",
        "slack": true
      }
    ],
    "constant": 3811090000.0,
    "matrix": "[[-1048338809.0, 100000000.0, 80080000.0, 0.0, 73920000.0, 0.0, 167860000.0, 0.0, 110880000.0, 0.0, 98560000.0, 0.0, 197120000.0, 0.0, 7700000.0, 0.0, 12320000.0, 0.0, 1540000.0, 3080000.0, 6160000.0, 12320000.0, 24640000.0, 49280000.0, 98560000.0, 197120000.0, 200200000.0, 0.0, 0.0, 0.0, 0.0, 0.0, 0.0, 0.0, 0.0, 0.0], [100000000.0, -1026842593.0, 0.0, 80080000.0, 0.0, 73920000.0, 0.0, 167860000.0, 0.0, 110880000.0, 0.0, 98560000.0, 0.0, 197120000.0, 0.0, 7700000.0, 0.0, 12320000.0, 0.0, 0.0, 0.0, 0.0, 0.0, 0.0, 0.0, 0.0, 0.0, 1540000.0, 3080000.0, 6160000.0, 12320000.0, 24640000.0, 49280000.0, 98560000.0, 197120000.0, 189420000.0], [80080000.0, 0.0, -473267318.0, 100000000.0, 24960000.0, 0.0, 56680000.0, 0.0, 37440000.0, 0.0, 33280000.0, 0.0, 66560000.0, 0.0, 2600000.0, 0.0, 4160000.0, 0.0, 520000.0, 1040000.0, 2080000.0, 4160000.0, 8320000.0, 16640000.0, 33280000.0, 66560000.0, 67600000.0, 0.0, 0.0, 0.0, 0.0, 0.0, 0.0, 0.0, 0.0, 0.0], [0.0, 80080000.0, 100000000.0, -466005867.0, 0.0, 24960000.0, 0.0, 56680000.0, 0.0, 37440000.0, 0.0, 33280000.0, 0.0, 66560000.0, 0.0, 2600000.0, 0.0, 4160000.0, 0.0, 0.0, 0.0, 0.0, 0.0, 0.0, 0.0, 0.0, 0.0, 520000.0, 1040000.0, 2080000.0, 4160000.0, 8320000.0, 16640000.0, 33280000.0, 66560000.0, 63960000.0], [73920000.0, 0.0, 24960000.0, 0.0, -446474250.0, 100000000.0, 52320000.0, 0.0, 34560000.0, 0.0, 30720000.0, 0.0, 61440000.0, 0.0, 2400000.0, 0.0, 3840000.0, 0.0, 480000.0, 960000.0, 1920000.0, 3840000.0, 7680000.0, 15360000.0, 30720000.0, 61440000.0, 62400000.0, 0.0, 0.0, 0.0, 0.0, 0.0, 0.0, 0.0, 0.0, 0.0], [0.0, 73920000.0, 0.0, 24960000.0, 100000000.0, -439771843.0, 0.0, 52320000.0, 0.0, 34560000.0, 0.0, 30720000.0, 0.0, 61440000.0, 0.0, 2400000.0, 0.0, 3840000.0, 0.0, 0.0, 0.0, 0.0, 0.0, 0.0, 0.0, 0.0, 0.0, 480000.0, 960000.0, 1920000.0, 3840000.0, 7680000.0, 15360000.0, 30720000.0, 61440000.0, 59040000.0], [167860000.0, 0.0, 56680000.0, 0.0, 52320000.0, 0.0, -820283595.0, 100000000.0, 78480000.0, 0.0, 69760000.0, 0.0, 139520000.0, 0.0, 5450000.0, 0.0, 8720000.0, 0.0, 1090000.0, 2180000.0, 4360000.0, 8720000.0, 17440000.0, 34880000.0, 69760000.0, 139520000.0, 141700000.0, 0.0, 0.0, 0.0, 0.0, 0.0, 0.0, 0.0, 0.0, 0.0], [0.0, 167860000.0, 0.0, 56680000.0, 0.0, 52320000.0, 100000000.0, -805077440.0, 0.0, 78480000.0, 0.0, 69760000.0, 0.0, 139520000.0, 0.0, 5450000.0, 0.0, 8720000.0, 0.0, 0.0, 0.0, 0.0, 0.0, 0.0, 0.0, 0.0, 0.0, 1090000.0, 2180000.0, 4360000.0, 8720000.0, 17440000.0, 34880000.0, 69760000.0, 139520000.0, 134070000.0], [110880000.0, 0.0, 37440000.0, 0.0, 34560000.0, 0.0, 78480000.0, 0.0, -602429733.0, 100000000.0, 46080000.0, 0.0, 92160000.0, 0.0, 3600000.0, 0.0, 5760000.0, 0.0, 720000.0, 1440000.0, 2880000.0, 5760000.0, 11520000.0, 23040000.0, 46080000.0, 92160000.0, 93600000.0, 0.0, 0.0, 0.0, 0.0, 0.0, 0.0, 0.0, 0.0, 0.0], [0.0, 110880000.0, 0.0, 37440000.0, 0.0, 34560000.0, 0.0, 78480000.0, 100000000.0, -592379326.0, 0.0, 46080000.0, 0.0, 92160000.0, 0.0, 3600000.0, 0.0, 5760000.0, 0.0, 0.0, 0.0, 0.0, 0.0, 0.0, 0.0, 0.0, 0.0, 720000.0, 1440000.0, 2880000.0, 5760000.0, 11520000.0, 23040000.0, 46080000.0, 92160000.0, 88560000.0], [98560000.0, 0.0, 33280000.0, 0.0, 30720000.0, 0.0, 69760000.0, 0.0, 46080000.0, 0.0, -551723091.0, 100000000.0, 81920000.0, 0.0, 3200000.0, 0.0, 5120000.0, 0.0, 640000.0, 1280000.0, 2560000.0, 5120000.0, 10240000.0, 20480000.0, 40960000.0, 81920000.0, 83200000.0, 0.0, 0.0, 0.0, 0.0, 0.0, 0.0, 0.0, 0.0, 0.0], [0.0, 98560000.0, 0.0, 33280000.0, 0.0, 30720000.0, 0.0, 69760000.0, 0.0, 46080000.0, 100000000.0, -542790158.0, 0.0, 81920000.0, 0.0, 3200000.0, 0.0, 5120000.0, 0.0, 0.0, 0.0, 0.0, 0.0, 0.0, 0.0, 0.0, 0.0, 640000.0, 1280000.0, 2560000.0, 5120000.0, 10240000.0, 20480000.0, 40960000.0, 81920000.0, 78720000.0], [197120000.0, 0.0, 66560000.0, 0.0, 61440000.0, 0.0, 139520000.0, 0.0, 92160000.0, 0.0, 81920000.0, 0.0, -920294457.0, 100000000.0, 6400000.0, 0.0, 10240000.0, 0.0, 1280000.0, 2560000.0, 5120000.0, 10240000.0, 20480000.0, 40960000.0, 81920000.0, 163840000.0, 166400000.0, 0.0, 0.0, 0.0, 0.0, 0.0, 0.0, 0.0, 0.0, 0.0], [0.0, 197120000.0, 0.0, 66560000.0, 0.0, 61440000.0, 0.0, 139520000.0, 0.0, 92160000.0, 0.0, 81920000.0, 100000000.0, -902437144.0, 0.0, 6400000.0, 0.0, 10240000.0, 0.0, 0.0, 0.0, 0.0, 0.0, 0.0, 0.0, 0.0, 0.0, 1280000.0, 2560000.0, 5120000.0, 10240000.0, 20480000.0, 40960000.0, 81920000.0, 163840000.0, 157440000.0], [7700000.0, 0.0, 2600000.0, 0.0, 2400000.0, 0.0, 5450000.0, 0.0, 3600000.0, 0.0, 3200000.0, 0.0, 6400000.0, 0.0, -138238125.0, 100000000.0, 400000.0, 0.0, 50000.0, 100000.0, 200000.0, 400000.0, 800000.0, 1600000.0, 3200000.0, 6400000.0, 6500000.0, 0.0, 0.0, 0.0, 0.0, 0.0, 0.0, 0.0, 0.0, 0.0], [0.0, 7700000.0, 0.0, 2600000.0, 0.0, 2400000.0, 0.0, 5450000.0, 0.0, 3600000.0, 0.0, 3200000.0, 0.0, 6400000.0, 100000000.0, -137540508.0, 0.0, 400000.0, 0.0, 0.0, 0.0, 0.0, 0.0, 0.0, 0.0, 0.0, 0.0, 50000.0, 100000.0, 200000.0, 400000.0, 800000.0, 1600000.0, 3200000.0, 6400000.0, 6150000.0], [12320000.0, 0.0, 4160000.0, 0.0, 3840000.0, 0.0, 8720000.0, 0.0, 5760000.0, 0.0, 5120000.0, 0.0, 10240000.0, 0.0, 400000.0, 0.0, -160945673.0, 100000000.0, 80000.0, 160000.0, 320000.0, 640000.0, 1280000.0, 2560000.0, 5120000.0, 10240000.0, 10400000.0, 0.0, 0.0, 0.0, 0.0, 0.0, 0.0, 0.0, 0.0, 0.0], [0.0, 12320000.0, 0.0, 4160000.0, 0.0, 3840000.0, 0.0, 8720000.0, 0.0, 5760000.0, 0.0, 5120000.0, 0.0, 10240000.0, 0.0, 400000.0, 100000000.0, -159828778.0, 0.0, 0.0, 0.0, 0.0, 0.0, 0.0, 0.0, 0.0, 0.0, 80000.0, 160000.0, 320000.0, 640000.0, 1280000.0, 2560000.0, 5120000.0, 10240000.0, 9840000.0], [1540000.0, 0.0, 520000.0, 0.0, 480000.0, 0.0, 1090000.0, 0.0, 720000.0, 0.0, 640000.0, 0.0, 1280000.0, 0.0, 50000.0, 0.0, 80000.0, 0.0, -7690000.0, 20000.0, 40000.0, 80000.0, 160000.0, 320000.0, 640000.0, 1280000.0, 1300000.0, 0.0, 0.0, 0.0, 0.0, 0.0, 0.0, 0.0, 0.0, 0.0], [3080000.0, 0.0, 1040000.0, 0.0, 960000.0, 0.0, 2180000.0, 0.0, 1440000.0, 0.0, 1280000.0, 0.0, 2560000.0, 0.0, 100000.0, 0.0, 160000.0, 0.0, 20000.0, -15360000.0, 80000.0, 160000.0, 320000.0, 640000.0, 1280000.0, 2560000.0, 2600000.0, 0.0, 0.0, 0.0, 0.0, 0.0, 0.0, 0.0, 0.0, 0.0], [6160000.0, 0.0, 2080000.0, 0.0, 1920000.0, 0.0, 4360000.0, 0.0, 2880000.0, 0.0, 2560000.0, 0.0, 5120000.0, 0.0, 200000.0, 0.0, 320000.0, 0.0, 40000.0, 80000.0, -30640000.0, 320000.0, 640000.0, 1280000.0, 2560000.0, 5120000.0, 5200000.0, 0.0, 0.0, 0.0, 0.0, 0.0, 0.0, 0.0, 0.0, 0.0], [12320000.0, 0.0, 4160000.0, 0.0, 3840000.0, 0.0, 8720000.0, 0.0, 5760000.0, 0.0, 5120000.0, 0.0, 10240000.0, 0.0, 400000.0, 0.0, 640000.0, 0.0, 80000.0, 160000.0, 320000.0, -60960000.0, 1280000.0, 2560000.0, 5120000.0, 10240000.0, 10400000.0, 0.0, 0.0, 0.0, 0.0, 0.0, 0.0, 0.0, 0.0, 0.0], [24640000.0, 0.0, 8320000.0, 0.0, 7680000.0, 0.0, 17440000.0, 0.0, 11520000.0, 0.0, 10240000.0, 0.0, 20480000.0, 0.0, 800000.0, 0.0, 1280000.0, 0.0, 160000.0, 320000.0, 640000.0, 1280000.0, -120640000.0, 5120000.0, 10240000.0, 20480000.0, 20800000.0, 0.0, 0.0, 0.0, 0.0, 0.0, 0.0, 0.0, 0.0, 0.0], [49280000.0, 0.0, 16640000.0, 0.0, 15360000.0, 0.0, 34880000.0, 0.0, 23040000.0, 0.0, 20480000.0, 0.0, 40960000.0, 0.0, 1600000.0, 0.0, 2560000.0, 0.0, 320000.0, 640000.0, 1280000.0, 2560000.0, 5120000.0, -236160000.0, 20480000.0, 40960000.0, 41600000.0, 0.0, 0.0, 0.0, 0.0, 0.0, 0.0, 0.0, 0.0, 0.0], [98560000.0, 0.0, 33280000.0, 0.0, 30720000.0, 0.0, 69760000.0, 0.0, 46080000.0, 0.0, 40960000.0, 0.0, 81920000.0, 0.0, 3200000.0, 0.0, 5120000.0, 0.0, 640000.0, 1280000.0, 2560000.0, 5120000.0, 10240000.0, 20480000.0, -451840000.0, 81920000.0, 83200000.0, 0.0, 0.0, 0.0, 0.0, 0.0, 0.0, 0.0, 0.0, 0.0], [197120000.0, 0.0, 66560000.0, 0.0, 61440000.0, 0.0, 139520000.0, 0.0, 92160000.0, 0.0, 81920000.0, 0.0, 163840000.0, 0.0, 6400000.0, 0.0, 10240000.0, 0.0, 1280000.0, 2560000.0, 5120000.0, 10240000.0, 20480000.0, 40960000.0, 81920000.0, -821760000.0, 166400000.0, 0.0, 0.0, 0.0, 0.0, 0.0, 0.0, 0.0, 0.0, 0.0], [200200000.0, 0.0, 67600000.0, 0.0, 62400000.0, 0.0, 141700000.0, 0.0, 93600000.0, 0.0, 83200000.0, 0.0, 166400000.0, 0.0, 6500000.0, 0.0, 10400000.0, 0.0, 1300000.0, 2600000.0, 5200000.0, 10400000.0, 20800000.0, 41600000.0, 83200000.0, 166400000.0, -832000000.0, 0.0, 0.0, 0.0, 0.0, 0.0, 0.0, 0.0, 0.0, 0.0], [0.0, 1540000.0, 0.0, 520000.0, 0.0, 480000.0, 0.0, 1090000.0, 0.0, 720000.0, 0.0, 640000.0, 0.0, 1280000.0, 0.0, 50000.0, 0.0, 80000.0, 0.0, 0.0, 0.0, 0.0, 0.0, 0.0, 0.0, 0.0, 0.0, -7550000.0, 20000.0, 40000.0, 80000.0, 160000.0, 320000.0, 640000.0, 1280000.0, 1230000.0], [0.0, 3080000.0, 0.0, 1040000.0, 0.0, 960000.0, 0.0, 2180000.0, 0.0, 1440000.0, 0.0, 1280000.0, 0.0, 2560000.0, 0.0, 100000.0, 0.0, 160000.0, 0.0, 0.0, 0.0, 0.0, 0.0, 0.0, 0.0, 0.0, 0.0, 20000.0, -15080000.0, 80000.0, 160000.0, 320000.0, 640000.0, 1280000.0, 2560000.0, 2460000.0], [0.0, 6160000.0, 0.0, 2080000.0, 0.0, 1920000.0, 0.0, 4360000.0, 0.0, 2880000.0, 0.0, 2560000.0, 0.0, 5120000.0, 0.0, 200000.0, 0.0, 320000.0, 0.0, 0.0, 0.0, 0.0, 0.0, 0.0, 0.0, 0.0, 0.0, 40000.0, 80000.0, -30080000.0, 320000.0, 640000.0, 1280000.0, 2560000.0, 5120000.0, 4920000.0], [0.0, 12320000.0, 0.0, 4160000.0, 0.0, 3840000.0, 0.0, 8720000.0, 0.0, 5760000.0, 0.0, 5120000.0, 0.0, 10240000.0, 0.0, 400000.0, 0.0, 640000.0, 0.0, 0.0, 0.0, 0.0, 0.0, 0.0, 0.0, 0.0, 0.0, 80000.0, 160000.0, 320000.0, -59840000.0, 1280000.0, 2560000.0, 5120000.0, 10240000.0, 9840000.0], [0.0, 24640000.0, 0.0, 8320000.0, 0.0, 7680000.0, 0.0, 17440000.0, 0.0, 11520000.0, 0.0, 10240000.0, 0.0, 20480000.0, 0.0, 800000.0, 0.0, 1280000.0, 0.0, 0.0, 0.0, 0.0, 0.0, 0.0, 0.0, 0.0, 0.0, 160000.0, 320000.0, 640000.0, 1280000.0, -118400000.0, 5120000.0, 10240000.0, 20480000.0, 19680000.0], [0.0, 49280000.0, 0.0, 16640000.0, 0.0, 15360000.0, 0.0, 34880000.0, 0.0, 23040000.0, 0.0, 20480000.0, 0.0, 40960000.0, 0.0, 1600000.0, 0.0, 2560000.0, 0.0, 0.0, 0.0, 0.0, 0.0, 0.0, 0.0, 0.0, 0.0, 320000.0, 640000.0, 1280000.0, 2560000.0, 5120000.0, -231680000.0, 20480000.0, 40960000.0, 39360000.0], [0.0, 98560000.0, 0.0, 33280000.0, 0.0, 30720000.0, 0.0, 69760000.0, 0.0, 46080000.0, 0.0, 40960000.0, 0.0, 81920000.0, 0.0, 3200000.0, 0.0, 5120000.0, 0.0, 0.0, 0.0, 0.0, 0.0, 0.0, 0.0, 0.0, 0.0, 640000.0, 1280000.0, 2560000.0, 5120000.0, 10240000.0, 20480000.0, -442880000.0, 81920000.0, 78720000.0], [0.0, 197120000.0, 0.0, 66560000.0, 0.0, 61440000.0, 0.0, 139520000.0, 0.0, 92160000.0, 0.0, 81920000.0, 0.0, 163840000.0, 0.0, 6400000.0, 0.0, 10240000.0, 0.0, 0.0, 0.0, 0.0, 0.0, 0.0, 0.0, 0.0, 0.0, 1280000.0, 2560000.0, 5120000.0, 10240000.0, 20480000.0, 40960000.0, 81920000.0, -803840000.0, 157440000.0], [0.0, 189420000.0, 0.0, 63960000.0, 0.0, 59040000.0, 0.0, 134070000.0, 0.0, 88560000.0, 0.0, 78720000.0, 0.0, 157440000.0, 0.0, 6150000.0, 0.0, 9840000.0, 0.0, 0.0, 0.0, 0.0, 0.0, 0.0, 0.0, 0.0, 0.0, 1230000.0, 2460000.0, 4920000.0, 9840000.0, 19680000.0, 39360000.0, 78720000.0, 157440000.0, -778590000.0]]"
  },
  "variable_mappings": [
    {
      "machine_id": 24,
      "machine_name_convenience_only": "GP260",
      "dieset_id": 5,
      "dieset_number_convenience_only": "4984449, 4984462",
      "variable_id": 0,
      "variable_name_convenience_only": "md_GP260_4984449, 4984462"
    },
    {
      "machine_id": 27,
      "machine_name_convenience_only": "GP640",
      "dieset_id": 5,
      "dieset_number_convenience_only": "4984449, 4984462",
      "variable_id": 1,
      "variable_name_convenience_only": "md_GP640_4984449, 4984462"
    },
    {
      "machine_id": 24,
      "machine_name_convenience_only": "GP260",
      "dieset_id": 4,
      "dieset_number_convenience_only": "4984449, 5031550",
      "variable_id": 2,
      "variable_name_convenience_only": "md_GP260_4984449, 5031550"
    },
    {
      "machine_id": 27,
      "machine_name_convenience_only": "GP640",
      "dieset_id": 4,
      "dieset_number_convenience_only": "4984449, 5031550",
      "variable_id": 3,
      "variable_name_convenience_only": "md_GP640_4984449, 5031550"
    },
    {
      "machine_id": 24,
      "machine_name_convenience_only": "GP260",
      "dieset_id": 1,
      "dieset_number_convenience_only": "4985498",
      "variable_id": 4,
      "variable_name_convenience_only": "md_GP260_4985498"
    },
    {
      "machine_id": 27,
      "machine_name_convenience_only": "GP640",
      "dieset_id": 1,
      "dieset_number_convenience_only": "4985498",
      "variable_id": 5,
      "variable_name_convenience_only": "md_GP640_4985498"
    },
    {
      "machine_id": 24,
      "machine_name_convenience_only": "GP260",
      "dieset_id": 2,
      "dieset_number_convenience_only": "5090393",
      "variable_id": 6,
      "variable_name_convenience_only": "md_GP260_5090393"
    },
    {
      "machine_id": 27,
      "machine_name_convenience_only": "GP640",
      "dieset_id": 2,
      "dieset_number_convenience_only": "5090393",
      "variable_id": 7,
      "variable_name_convenience_only": "md_GP640_5090393"
    },
    {
      "machine_id": 24,
      "machine_name_convenience_only": "GP260",
      "dieset_id": 17,
      "dieset_number_convenience_only": "5101959",
      "variable_id": 8,
      "variable_name_convenience_only": "md_GP260_5101959"
    },
    {
      "machine_id": 27,
      "machine_name_convenience_only": "GP640",
      "dieset_id": 17,
      "dieset_number_convenience_only": "5101959",
      "variable_id": 9,
      "variable_name_convenience_only": "md_GP640_5101959"
    },
    {
      "machine_id": 24,
      "machine_name_convenience_only": "GP260",
      "dieset_id": 19,
      "dieset_number_convenience_only": "5102992",
      "variable_id": 10,
      "variable_name_convenience_only": "md_GP260_5102992"
    },
    {
      "machine_id": 27,
      "machine_name_convenience_only": "GP640",
      "dieset_id": 19,
      "dieset_number_convenience_only": "5102992",
      "variable_id": 11,
      "variable_name_convenience_only": "md_GP640_5102992"
    },
    {
      "machine_id": 24,
      "machine_name_convenience_only": "GP260",
      "dieset_id": 8,
      "dieset_number_convenience_only": "5103015",
      "variable_id": 12,
      "variable_name_convenience_only": "md_GP260_5103015"
    },
    {
      "machine_id": 27,
      "machine_name_convenience_only": "GP640",
      "dieset_id": 8,
      "dieset_number_convenience_only": "5103015",
      "variable_id": 13,
      "variable_name_convenience_only": "md_GP640_5103015"
    },
    {
      "machine_id": 24,
      "machine_name_convenience_only": "GP260",
      "dieset_id": 6,
      "dieset_number_convenience_only": "5448237",
      "variable_id": 14,
      "variable_name_convenience_only": "md_GP260_5448237"
    },
    {
      "machine_id": 27,
      "machine_name_convenience_only": "GP640",
      "dieset_id": 6,
      "dieset_number_convenience_only": "5448237",
      "variable_id": 15,
      "variable_name_convenience_only": "md_GP640_5448237"
    },
    {
      "machine_id": 24,
      "machine_name_convenience_only": "GP260",
      "dieset_id": 0,
      "dieset_number_convenience_only": "5457220",
      "variable_id": 16,
      "variable_name_convenience_only": "md_GP260_5457220"
    },
    {
      "machine_id": 27,
      "machine_name_convenience_only": "GP640",
      "dieset_id": 0,
      "dieset_number_convenience_only": "5457220",
      "variable_id": 17,
      "variable_name_convenience_only": "md_GP640_5457220"
    }
  ],
  "model": {
    "dieset_choices": [
      {
        "dieset_id": 13,
        "dieset_number": "3002866",
        "machine_choices": [
          {
            "choice_name": "Put Dieset 3002866 on machine GP260",
            "machine": {
              "machine_id": 24,
              "machine_name": "GP260",
              "max_capacity_hours_per_timeslice": 1441.021318231937,
              "max_capacity_constraint": {
                "constraint_name": "Max Capacity Machine GP260",
                "weight": 1.0
              },
              "cost_reallocation_euro": 10000.0
            },
            "work_required_hours": 16.494873808587574,
            "work_cost": 29872.2164673521,
            "transport_cost": 0.0,
            "transport_costs_breakdown": [
              {
                "location_id": 2,
                "location_name": "Dingolfing",
                "truckloads": 12.0,
                "transport_rate_euro_per_truck_per_km": 999.0,
                "distance_km": 0.0,
                "costs": 0.0
              }
            ]
          }
        ],
        "assign_exactly_once_constraint": null
      },
      {
        "dieset_id": 14,
        "dieset_number": "3002878",
        "machine_choices": [
          {
            "choice_name": "Put Dieset 3002878 on machine GP260",
            "machine": {
              "machine_id": 24,
              "machine_name": "GP260",
              "max_capacity_hours_per_timeslice": 1441.021318231937,
              "max_capacity_constraint": {
                "constraint_name": "Max Capacity Machine GP260",
                "weight": 1.0
              },
              "cost_reallocation_euro": 10000.0
            },
            "work_required_hours": 15.959502279928897,
            "work_cost": 28902.65862895123,
            "transport_cost": 0.0,
            "transport_costs_breakdown": [
              {
                "location_id": 2,
                "location_name": "Dingolfing",
                "truckloads": 6.0,
                "transport_rate_euro_per_truck_per_km": 999.0,
                "distance_km": 0.0,
                "costs": 0.0
              }
            ]
          }
        ],
        "assign_exactly_once_constraint": null
      },
      {
        "dieset_id": 18,
        "dieset_number": "3002931",
        "machine_choices": [
          {
            "choice_name": "Put Dieset 3002931 on machine GP260",
            "machine": {
              "machine_id": 24,
              "machine_name": "GP260",
              "max_capacity_hours_per_timeslice": 1441.021318231937,
              "max_capacity_constraint": {
                "constraint_name": "Max Capacity Machine GP260",
                "weight": 1.0
              },
              "cost_reallocation_euro": 10000.0
            },
            "work_required_hours": 15.61413059915918,
            "work_cost": 28277.190515077276,
            "transport_cost": 0.0,
            "transport_costs_breakdown": [
              {
                "location_id": 2,
                "location_name": "Dingolfing",
                "truckloads": 31.0,
                "transport_rate_euro_per_truck_per_km": 999.0,
                "distance_km": 0.0,
                "costs": 0.0
              }
            ]
          }
        ],
        "assign_exactly_once_constraint": null
      },
      {
        "dieset_id": 11,
        "dieset_number": "3002943",
        "machine_choices": [
          {
            "choice_name": "Put Dieset 3002943 on machine GP260",
            "machine": {
              "machine_id": 24,
              "machine_name": "GP260",
              "max_capacity_hours_per_timeslice": 1441.021318231937,
              "max_capacity_constraint": {
                "constraint_name": "Max Capacity Machine GP260",
                "weight": 1.0
              },
              "cost_reallocation_euro": 10000.0
            },
            "work_required_hours": 16.431924882629104,
            "work_cost": 29758.215962441307,
            "transport_cost": 0.0,
            "transport_costs_breakdown": [
              {
                "location_id": 2,
                "location_name": "Dingolfing",
                "truckloads": 31.0,
                "transport_rate_euro_per_truck_per_km": 999.0,
                "distance_km": 0.0,
                "costs": 0.0
              }
            ]
          }
        ],
        "assign_exactly_once_constraint": null
      },
      {
        "dieset_id": 21,
        "dieset_number": "3003468",
        "machine_choices": [
          {
            "choice_name": "Put Dieset 3003468 on machine GP260",
            "machine": {
              "machine_id": 24,
              "machine_name": "GP260",
              "max_capacity_hours_per_timeslice": 1441.021318231937,
              "max_capacity_constraint": {
                "constraint_name": "Max Capacity Machine GP260",
                "weight": 1.0
              },
              "cost_reallocation_euro": 10000.0
            },
            "work_required_hours": 24.59894727551633,
            "work_cost": 44548.69351596008,
            "transport_cost": 0.0,
            "transport_costs_breakdown": [
              {
                "location_id": 2,
                "location_name": "Dingolfing",
                "truckloads": 78.0,
                "transport_rate_euro_per_truck_per_km": 999.0,
                "distance_km": 0.0,
                "costs": 0.0
              }
            ]
          }
        ],
        "assign_exactly_once_constraint": null
      },
      {
        "dieset_id": 20,
        "dieset_number": "3003701",
        "machine_choices": [
          {
            "choice_name": "Put Dieset 3003701 on machine GP260",
            "machine": {
              "machine_id": 24,
              "machine_name": "GP260",
              "max_capacity_hours_per_timeslice": 1441.021318231937,
              "max_capacity_constraint": {
                "constraint_name": "Max Capacity Machine GP260",
                "weight": 1.0
              },
              "cost_reallocation_euro": 10000.0
            },
            "work_required_hours": 24.703562685494223,
            "work_cost": 44738.15202343003,
            "transport_cost": 0.0,
            "transport_costs_breakdown": [
              {
                "location_id": 2,
                "location_name": "Dingolfing",
                "truckloads": 22.0,
                "transport_rate_euro_per_truck_per_km": 999.0,
                "distance_km": 0.0,
                "costs": 0.0
              }
            ]
          }
        ],
        "assign_exactly_once_constraint": null
      },
      {
        "dieset_id": 15,
        "dieset_number": "4980181",
        "machine_choices": [
          {
            "choice_name": "Put Dieset 4980181 on machine GP260",
            "machine": {
              "machine_id": 24,
              "machine_name": "GP260",
              "max_capacity_hours_per_timeslice": 1441.021318231937,
              "max_capacity_constraint": {
                "constraint_name": "Max Capacity Machine GP260",
                "weight": 1.0
              },
              "cost_reallocation_euro": 10000.0
            },
            "work_required_hours": 126.70397256233355,
            "work_cost": 229460.89431038604,
            "transport_cost": 0.0,
            "transport_costs_breakdown": [
              {
                "location_id": 2,
                "location_name": "Dingolfing",
                "truckloads": 182.0,
                "transport_rate_euro_per_truck_per_km": 999.0,
                "distance_km": 0.0,
                "costs": 0.0
              }
            ]
          }
        ],
        "assign_exactly_once_constraint": null
      },
      {
        "dieset_id": 10,
        "dieset_number": "4983105",
        "machine_choices": [
          {
            "choice_name": "Put Dieset 4983105 on machine GP260",
            "machine": {
              "machine_id": 24,
              "machine_name": "GP260",
              "max_capacity_hours_per_timeslice": 1441.021318231937,
              "max_capacity_constraint": {
                "constraint_name": "Max Capacity Machine GP260",
                "weight": 1.0
              },
              "cost_reallocation_euro": 10000.0
            },
            "work_required_hours": 58.102977097390514,
            "work_cost": 105224.4915233742,
            "transport_cost": 0.0,
            "transport_costs_breakdown": [
              {
                "location_id": 2,
                "location_name": "Dingolfing",
                "truckloads": 38.0,
                "transport_rate_euro_per_truck_per_km": 999.0,
                "distance_km": 0.0,
                "costs": 0.0
              }
            ]
          }
        ],
        "assign_exactly_once_constraint": null
      },
      {
        "dieset_id": 3,
        "dieset_number": "4984418",
        "machine_choices": [
          {
            "choice_name": "Put Dieset 4984418 on machine GP260",
            "machine": {
              "machine_id": 24,
              "machine_name": "GP260",
              "max_capacity_hours_per_timeslice": 1441.021318231937,
              "max_capacity_constraint": {
                "constraint_name": "Max Capacity Machine GP260",
                "weight": 1.0
              },
              "cost_reallocation_euro": 10000.0
            },
            "work_required_hours": 254.79478776529336,
            "work_cost": 461433.3606429463,
            "transport_cost": 127573.04000000001,
            "transport_costs_breakdown": [
              {
                "location_id": 26,
                "location_name": "MSF",
                "truckloads": 188.0,
                "transport_rate_euro_per_truck_per_km": 1.31,
                "distance_km": 518.0,
                "costs": 127573.04000000001
              },
              {
                "location_id": 2,
                "location_name": "Dingolfing",
                "truckloads": 358.0,
                "transport_rate_euro_per_truck_per_km": 999.0,
                "distance_km": 0.0,
                "costs": 0.0
              }
            ]
          }
        ],
        "assign_exactly_once_constraint": null
      },
      {
        "dieset_id": 5,
        "dieset_number": "4984449, 4984462",
        "machine_choices": [
          {
            "choice_name": "Put Dieset 4984449, 4984462 on machine GP260",
            "machine": {
              "machine_id": 24,
              "machine_name": "GP260",
              "max_capacity_hours_per_timeslice": 1441.021318231937,
              "max_capacity_constraint": {
                "constraint_name": "Max Capacity Machine GP260",
                "weight": 1.0
              },
              "cost_reallocation_euro": 10000.0
            },
            "work_required_hours": 153.57266466084454,
            "work_cost": 278120.0957007895,
            "transport_cost": 23071.72,
            "transport_costs_breakdown": [
              {
                "location_id": 26,
                "location_name": "MSF",
                "truckloads": 34.0,
                "transport_rate_euro_per_truck_per_km": 1.31,
                "distance_km": 518.0,
                "costs": 23071.72
              },
              {
                "location_id": 2,
                "location_name": "Dingolfing",
                "truckloads": 42.0,
                "transport_rate_euro_per_truck_per_km": 999.0,
                "distance_km": 0.0,
                "costs": 0.0
              }
            ]
          },
          {
            "choice_name": "Put Dieset 4984449, 4984462 on machine GP640",
            "machine": {
              "machine_id": 27,
              "machine_name": "GP640",
              "max_capacity_hours_per_timeslice": 378.76004395494374,
              "max_capacity_constraint": {
                "constraint_name": "Max Capacity Machine GP640",
                "weight": 1.0
              },
              "cost_reallocation_euro": 10000.0
            },
            "work_required_hours": 153.57266466084454,
            "work_cost": 215923.16651314741,
            "transport_cost": 21484.06,
            "transport_costs_breakdown": [
              {
                "location_id": 26,
                "location_name": "MSF",
                "truckloads": 34.0,
                "transport_rate_euro_per_truck_per_km": 1.31,
                "distance_km": 389.0,
                "costs": 17326.06
              },
              {
                "location_id": 2,
                "location_name": "Dingolfing",
                "truckloads": 42.0,
                "transport_rate_euro_per_truck_per_km": 1.32,
                "distance_km": 75.0,
                "costs": 4158.0
              }
            ]
          }
        ],
        "assign_exactly_once_constraint": null
      },
      {
        "dieset_id": 4,
        "dieset_number": "4984449, 5031550",
        "machine_choices": [
          {
            "choice_name": "Put Dieset 4984449, 5031550 on machine GP260",
            "machine": {
              "machine_id": 24,
              "machine_name": "GP260",
              "max_capacity_hours_per_timeslice": 1441.021318231937,
              "max_capacity_constraint": {
                "constraint_name": "Max Capacity Machine GP260",
                "weight": 1.0
              },
              "cost_reallocation_euro": 10000.0
            },
            "work_required_hours": 51.17740636052053,
            "work_cost": 92682.28291890267,
            "transport_cost": 0.0,
            "transport_costs_breakdown": [
              {
                "location_id": 2,
                "location_name": "Dingolfing",
                "truckloads": 22.0,
                "transport_rate_euro_per_truck_per_km": 999.0,
                "distance_km": 0.0,
                "costs": 0.0
              }
            ]
          },
          {
            "choice_name": "Put Dieset 4984449, 5031550 on machine GP640",
            "machine": {
              "machine_id": 27,
              "machine_name": "GP640",
              "max_capacity_hours_per_timeslice": 378.76004395494374,
              "max_capacity_constraint": {
                "constraint_name": "Max Capacity Machine GP640",
                "weight": 1.0
              },
              "cost_reallocation_euro": 10000.0
            },
            "work_required_hours": 51.17740636052053,
            "work_cost": 71955.43334289188,
            "transport_cost": 2178.0,
            "transport_costs_breakdown": [
              {
                "location_id": 2,
                "location_name": "Dingolfing",
                "truckloads": 22.0,
                "transport_rate_euro_per_truck_per_km": 1.32,
                "distance_km": 75.0,
                "costs": 2178.0
              }
            ]
          }
        ],
        "assign_exactly_once_constraint": null
      },
      {
        "dieset_id": 16,
        "dieset_number": "4985467",
        "machine_choices": [
          {
            "choice_name": "Put Dieset 4985467 on machine GP260",
            "machine": {
              "machine_id": 24,
              "machine_name": "GP260",
              "max_capacity_hours_per_timeslice": 1441.021318231937,
              "max_capacity_constraint": {
                "constraint_name": "Max Capacity Machine GP260",
                "weight": 1.0
              },
              "cost_reallocation_euro": 10000.0
            },
            "work_required_hours": 68.24865701538742,
            "work_cost": 123598.31785486662,
            "transport_cost": 0.0,
            "transport_costs_breakdown": [
              {
                "location_id": 2,
                "location_name": "Dingolfing",
                "truckloads": 250.0,
                "transport_rate_euro_per_truck_per_km": 999.0,
                "distance_km": 0.0,
                "costs": 0.0
              }
            ]
          }
        ],
        "assign_exactly_once_constraint": null
      },
      {
        "dieset_id": 22,
        "dieset_number": "4985478",
        "machine_choices": [
          {
            "choice_name": "Put Dieset 4985478 on machine GP260",
            "machine": {
              "machine_id": 24,
              "machine_name": "GP260",
              "max_capacity_hours_per_timeslice": 1441.021318231937,
              "max_capacity_constraint": {
                "constraint_name": "Max Capacity Machine GP260",
                "weight": 1.0
              },
              "cost_reallocation_euro": 10000.0
            },
            "work_required_hours": 65.75824966334619,
            "work_cost": 119088.19014031996,
            "transport_cost": 0.0,
            "transport_costs_breakdown": [
              {
                "location_id": 2,
                "location_name": "Dingolfing",
                "truckloads": 250.0,
                "transport_rate_euro_per_truck_per_km": 999.0,
                "distance_km": 0.0,
                "costs": 0.0
              }
            ]
          }
        ],
        "assign_exactly_once_constraint": null
      },
      {
        "dieset_id": 1,
        "dieset_number": "4985498",
        "machine_choices": [
          {
            "choice_name": "Put Dieset 4985498 on machine GP260",
            "machine": {
              "machine_id": 24,
              "machine_name": "GP260",
              "max_capacity_hours_per_timeslice": 1441.021318231937,
              "max_capacity_constraint": {
                "constraint_name": "Max Capacity Machine GP260",
                "weight": 1.0
              },
              "cost_reallocation_euro": 10000.0
            },
            "work_required_hours": 47.349902561818766,
            "work_cost": 85750.67353945378,
            "transport_cost": 0.0,
            "transport_costs_breakdown": [
              {
                "location_id": 2,
                "location_name": "Dingolfing",
                "truckloads": 16.0,
                "transport_rate_euro_per_truck_per_km": 999.0,
                "distance_km": 0.0,
                "costs": 0.0
              }
            ]
          },
          {
            "choice_name": "Put Dieset 4985498 on machine GP640",
            "machine": {
              "machine_id": 27,
              "machine_name": "GP640",
              "max_capacity_hours_per_timeslice": 378.76004395494374,
              "max_capacity_constraint": {
                "constraint_name": "Max Capacity Machine GP640",
                "weight": 1.0
              },
              "cost_reallocation_euro": 10000.0
            },
            "work_required_hours": 47.349902561818766,
            "work_cost": 66573.96300191717,
            "transport_cost": 1584.0,
            "transport_costs_breakdown": [
              {
                "location_id": 2,
                "location_name": "Dingolfing",
                "truckloads": 16.0,
                "transport_rate_euro_per_truck_per_km": 1.32,
                "distance_km": 75.0,
                "costs": 1584.0
              }
            ]
          }
        ],
        "assign_exactly_once_constraint": null
      },
      {
        "dieset_id": 12,
        "dieset_number": "5001294",
        "machine_choices": [
          {
            "choice_name": "Put Dieset 5001294 on machine GP260",
            "machine": {
              "machine_id": 24,
              "machine_name": "GP260",
              "max_capacity_hours_per_timeslice": 1441.021318231937,
              "max_capacity_constraint": {
                "constraint_name": "Max Capacity Machine GP260",
                "weight": 1.0
              },
              "cost_reallocation_euro": 10000.0
            },
            "work_required_hours": 73.6757656998944,
            "work_cost": 133426.81168250876,
            "transport_cost": 0.0,
            "transport_costs_breakdown": [
              {
                "location_id": 2,
                "location_name": "Dingolfing",
                "truckloads": 100.0,
                "transport_rate_euro_per_truck_per_km": 999.0,
                "distance_km": 0.0,
                "costs": 0.0
              }
            ]
          }
        ],
        "assign_exactly_once_constraint": null
      },
      {
        "dieset_id": 9,
        "dieset_number": "5031549",
        "machine_choices": [
          {
            "choice_name": "Put Dieset 5031549 on machine GP260",
            "machine": {
              "machine_id": 24,
              "machine_name": "GP260",
              "max_capacity_hours_per_timeslice": 1441.021318231937,
              "max_capacity_constraint": {
                "constraint_name": "Max Capacity Machine GP260",
                "weight": 1.0
              },
              "cost_reallocation_euro": 10000.0
            },
