{
  "qubo": {
    "id": 0,
    "name": "MachineDiesetProblem",
    "variables": [
      {
        "id": 0,
        "name": "0",
        "slack": false
      },
      {
        "id": 1,
        "name": "1",
        "slack": false
      },
      {
        "id": 2,
        "name": "2",
        "slack": false
      },
      {
        "id": 3,
        "name": "3",
        "slack": false
      },
      {
        "id": 4,
        "name": "4",
        "slack": false
      },
      {
        "id": 5,
        "name": "5",
        "slack": false
      },
      {
        "id": 6,
        "name": "6",
        "slack": false
      },
      {
        "id": 7,
        "name": "7",
        "slack": false
      },
      {
        "id": 8,
        "name": "8",
        "slack": false
      },
      {
        "id": 9,
        "name": "9",
        "slack": false
      },
      {
        "id": 10,
        "name": "10",
        "slack": false
      },
      {
        "id": 11,
        "name": "11",
        "slack": false
      },
      {
        "id": 12,
        "name": "12",
        "slack": false
      },
      {
        "id": 13,
        "name": "13",
        "slack": false
      },
      {
        "id": 14,
        "name": "14",
        "slack": false
      },
      {
        "id": 15,
        "name": "15",
        "slack": false
      },
      {
        "id": 16,
        "name": "16",
        "slack": false
      },
      {
        "id": 17,
        "name": "17",
        "slack": false
      },
      {
        "id": 18,
        "name": "18",
        "slack": false
      },
      {
        "id": 19,
        "name": "19",
        "slack": false
      },
      {
        "id": 20,
        "name": "20",
        "slack": false
      },
      {
        "id": 21,
        "name": "21",
        "slack": false
      },
      {
        "id": 22,
        "name": "22",
        "slack": false
      },
      {
        "id": 23,
        "name": "23",
        "slack": false
      },
      {
        "id": 24,
        "name": "24",
        "slack": false
      },
      {
        "id": 25,
        "name": "25",
        "slack": false
      },
      {
        "id": 26,
        "name": "capacity_constraint_machine_24@int_slack@0",
        "slack": true
      },
      {
        "id": 27,
        "name": "capacity_constraint_machine_24@int_slack@1",
        "slack": true
      },
      {
        "id": 28,
        "name": "capacity_constraint_machine_24@int_slack@2",
        "slack": true
      },
      {
        "id": 29,
        "name": "capacity_constraint_machine_24@int_slack@3",
        "slack": true
      },
      {
        "id": 30,
        "name": "capacity_constraint_machine_24@int_slack@4",
        "slack": true
      },
      {
        "id": 31,
        "name": "capacity_constraint_machine_24@int_slack@5",
        "slack": true
      },
      {
        "id": 32,
        "name": "capacity_constraint_machine_24@int_slack@6",
        "slack": true
      },
      {
        "id": 33,
        "name": "capacity_constraint_machine_24@int_slack@7",
        "slack": true
      },
      {
        "id": 34,
        "name": "capacity_constraint_machine_24@int_slack@8",
        "slack": true
      },
      {
        "id": 35,
        "name": "capacity_constraint_machine_24@int_slack@9",
        "slack": true
      },
      {
        "id": 36,
        "name": "capacity_constraint_machine_27@int_slack@0",
        "slack": true
      },
      {
        "id": 37,
        "name": "capacity_constraint_machine_27@int_slack@1",
        "slack": true
      },
      {
        "id": 38,
        "name": "capacity_constraint_machine_27@int_slack@2",
        "slack": true
      },
      {
        "id": 39,
        "name": "capacity_constraint_machine_27@int_slack@3",
        "slack": true
      },
      {
        "id": 40,
        "name": "capacity_constraint_machine_27@int_slack@4",
        "slack": true
      },
      {
        "id": 41,
        "name": "capacity_constraint_machine_27@int_slack@5",
        "slack": true
      },
      {
        "id": 42,
        "name": "capacity_constraint_machine_27@int_slack@6",
        "slack": true
      },
      {
        "id": 43,
        "name": "capacity_constraint_machine_27@int_slack@7",
        "slack": true
      },
      {
        "id": 44,
        "name": "capacity_constraint_machine_27@int_slack@8",
        "slack": true
      },
      {
        "id": 45,
        "name": "capacity_constraint_machine_27@int_slack@9",
        "slack": true
      }
    ],
    "constant": 185008500000.0,
    "matrix": "[[-25916898809.0, 1000000000.0, 800800000.0, 0.0, 739200000.0, 0.0, 1678600000.0, 0.0, 1108800000.0, 0.0, 985600000.0, 0.0, 1971200000.0, 0.0, 77000000.0, 0.0, 123200000.0, 0.0, 2633400000.0, 0.0, 1247400000.0, 0.0, 3603600000.0, 0.0, 6545000000.0, 0.0, 15400000.0, 30800000.0, 61600000.0, 123200000.0, 246400000.0, 492800000.0, 985600000.0, 1971200000.0, 3942400000.0, 5775000000.0, 0.0, 0.0, 0.0, 0.0, 0.0, 0.0, 0.0, 0.0, 0.0, 0.0], [1000000000.0, -28411762593.0, 0.0, 800800000.0, 0.0, 739200000.0, 0.0, 1678600000.0, 0.0, 1108800000.0, 0.0, 985600000.0, 0.0, 1971200000.0, 0.0, 77000000.0, 0.0, 123200000.0, 0.0, 2633400000.0, 0.0, 1247400000.0, 0.0, 3603600000.0, 0.0, 6545000000.0, 0.0, 0.0, 0.0, 0.0, 0.0, 0.0, 0.0, 0.0, 0.0, 0.0, 15400000.0, 30800000.0, 61600000.0, 123200000.0, 246400000.0, 492800000.0, 985600000.0, 1971200000.0, 3942400000.0, 7022400000.0], [800800000.0, 0.0, -9943907318.0, 1000000000.0, 249600000.0, 0.0, 566800000.0, 0.0, 374400000.0, 0.0, 332800000.0, 0.0, 665600000.0, 0.0, 26000000.0, 0.0, 41600000.0, 0.0, 889200000.0, 0.0, 421200000.0, 0.0, 1216800000.0, 0.0, 2210000000.0, 0.0, 5200000.0, 10400000.0, 20800000.0, 41600000.0, 83200000.0, 166400000.0, 332800000.0, 665600000.0, 1331200000.0, 1950000000.0, 0.0, 0.0, 0.0, 0.0, 0.0, 0.0, 0.0, 0.0, 0.0, 0.0], [0.0, 800800000.0, 1000000000.0, -10786325867.0, 0.0, 249600000.0, 0.0, 566800000.0, 0.0, 374400000.0, 0.0, 332800000.0, 0.0, 665600000.0, 0.0, 26000000.0, 0.0, 41600000.0, 0.0, 889200000.0, 0.0, 421200000.0, 0.0, 1216800000.0, 0.0, 2210000000.0, 0.0, 0.0, 0.0, 0.0, 0.0, 0.0, 0.0, 0.0, 0.0, 0.0, 5200000.0, 10400000.0, 20800000.0, 41600000.0, 83200000.0, 166400000.0, 332800000.0, 665600000.0, 1331200000.0, 2371200000.0], [739200000.0, 0.0, 249600000.0, 0.0, -9275114250.0, 1000000000.0, 523200000.0, 0.0, 345600000.0, 0.0, 307200000.0, 0.0, 614400000.0, 0.0, 24000000.0, 0.0, 38400000.0, 0.0, 820800000.0, 0.0, 388800000.0, 0.0, 1123200000.0, 0.0, 2040000000.0, 0.0, 4800000.0, 9600000.0, 19200000.0, 38400000.0, 76800000.0, 153600000.0, 307200000.0, 614400000.0, 1228800000.0, 1800000000.0, 0.0, 0.0, 0.0, 0.0, 0.0, 0.0, 0.0, 0.0, 0.0, 0.0], [0.0, 739200000.0, 0.0, 249600000.0, 1000000000.0, -10052731843.0, 0.0, 523200000.0, 0.0, 345600000.0, 0.0, 307200000.0, 0.0, 614400000.0, 0.0, 24000000.0, 0.0, 38400000.0, 0.0, 820800000.0, 0.0, 388800000.0, 0.0, 1123200000.0, 0.0, 2040000000.0, 0.0, 0.0, 0.0, 0.0, 0.0, 0.0, 0.0, 0.0, 0.0, 0.0, 4800000.0, 9600000.0, 19200000.0, 38400000.0, 76800000.0, 153600000.0, 307200000.0, 614400000.0, 1228800000.0, 2188800000.0], [1678600000.0, 0.0, 566800000.0, 0.0, 523200000.0, 0.0, -19126493595.0, 1000000000.0, 784800000.0, 0.0, 697600000.0, 0.0, 1395200000.0, 0.0, 54500000.0, 0.0, 87200000.0, 0.0, 1863900000.0, 0.0, 882900000.0, 0.0, 2550600000.0, 0.0, 4632500000.0, 0.0, 10900000.0, 21800000.0, 43600000.0, 87200000.0, 174400000.0, 348800000.0, 697600000.0, 1395200000.0, 2790400000.0, 4087500000.0, 0.0, 0.0, 0.0, 0.0, 0.0, 0.0, 0.0, 0.0, 0.0, 0.0], [0.0, 1678600000.0, 0.0, 566800000.0, 0.0, 523200000.0, 1000000000.0, -20892347440.0, 0.0, 784800000.0, 0.0, 697600000.0, 0.0, 1395200000.0, 0.0, 54500000.0, 0.0, 87200000.0, 0.0, 1863900000.0, 0.0, 882900000.0, 0.0, 2550600000.0, 0.0, 4632500000.0, 0.0, 0.0, 0.0, 0.0, 0.0, 0.0, 0.0, 0.0, 0.0, 0.0, 10900000.0, 21800000.0, 43600000.0, 87200000.0, 174400000.0, 348800000.0, 697600000.0, 1395200000.0, 2790400000.0, 4970400000.0], [1108800000.0, 0.0, 374400000.0, 0.0, 345600000.0, 0.0, 784800000.0, 0.0, -13239869733.0, 1000000000.0, 460800000.0, 0.0, 921600000.0, 0.0, 36000000.0, 0.0, 57600000.0, 0.0, 1231200000.0, 0.0, 583200000.0, 0.0, 1684800000.0, 0.0, 3060000000.0, 0.0, 7200000.0, 14400000.0, 28800000.0, 57600000.0, 115200000.0, 230400000.0, 460800000.0, 921600000.0, 1843200000.0, 2700000000.0, 0.0, 0.0, 0.0, 0.0, 0.0, 0.0, 0.0, 0.0, 0.0, 0.0], [0.0, 1108800000.0, 0.0, 374400000.0, 0.0, 345600000.0, 0.0, 784800000.0, 1000000000.0, -14406299326.0, 0.0, 460800000.0, 0.0, 921600000.0, 0.0, 36000000.0, 0.0, 57600000.0, 0.0, 1231200000.0, 0.0, 583200000.0, 0.0, 1684800000.0, 0.0, 3060000000.0, 0.0, 0.0, 0.0, 0.0, 0.0, 0.0, 0.0, 0.0, 0.0, 0.0, 7200000.0, 14400000.0, 28800000.0, 57600000.0, 115200000.0, 230400000.0, 460800000.0, 921600000.0, 1843200000.0, 3283200000.0], [985600000.0, 0.0, 332800000.0, 0.0, 307200000.0, 0.0, 697600000.0, 0.0, 460800000.0, 0.0, -11931083091.0, 1000000000.0, 819200000.0, 0.0, 32000000.0, 0.0, 51200000.0, 0.0, 1094400000.0, 0.0, 518400000.0, 0.0, 1497600000.0, 0.0, 2720000000.0, 0.0, 6400000.0, 12800000.0, 25600000.0, 51200000.0, 102400000.0, 204800000.0, 409600000.0, 819200000.0, 1638400000.0, 2400000000.0, 0.0, 0.0, 0.0, 0.0, 0.0, 0.0, 0.0, 0.0, 0.0, 0.0], [0.0, 985600000.0, 0.0, 332800000.0, 0.0, 307200000.0, 0.0, 697600000.0, 0.0, 460800000.0, 1000000000.0, -12967910158.0, 0.0, 819200000.0, 0.0, 32000000.0, 0.0, 51200000.0, 0.0, 1094400000.0, 0.0, 518400000.0, 0.0, 1497600000.0, 0.0, 2720000000.0, 0.0, 0.0, 0.0, 0.0, 0.0, 0.0, 0.0, 0.0, 0.0, 0.0, 6400000.0, 12800000.0, 25600000.0, 51200000.0, 102400000.0, 204800000.0, 409600000.0, 819200000.0, 1638400000.0, 2918400000.0], [1971200000.0, 0.0, 665600000.0, 0.0, 614400000.0, 0.0, 1395200000.0, 0.0, 921600000.0, 0.0, 819200000.0, 0.0, -22041734457.0, 1000000000.0, 64000000.0, 0.0, 102400000.0, 0.0, 2188800000.0, 0.0, 1036800000.0, 0.0, 2995200000.0, 0.0, 5440000000.0, 0.0, 12800000.0, 25600000.0, 51200000.0, 102400000.0, 204800000.0, 409600000.0, 819200000.0, 1638400000.0, 3276800000.0, 4800000000.0, 0.0, 0.0, 0.0, 0.0, 0.0, 0.0, 0.0, 0.0, 0.0, 0.0], [0.0, 1971200000.0, 0.0, 665600000.0, 0.0, 614400000.0, 0.0, 1395200000.0, 0.0, 921600000.0, 0.0, 819200000.0, 1000000000.0, -24115397144.0, 0.0, 64000000.0, 0.0, 102400000.0, 0.0, 2188800000.0, 0.0, 1036800000.0, 0.0, 2995200000.0, 0.0, 5440000000.0, 0.0, 0.0, 0.0, 0.0, 0.0, 0.0, 0.0, 0.0, 0.0, 0.0, 12800000.0, 25600000.0, 51200000.0, 102400000.0, 204800000.0, 409600000.0, 819200000.0, 1638400000.0, 3276800000.0, 5836800000.0], [77000000.0, 0.0, 26000000.0, 0.0, 24000000.0, 0.0, 54500000.0, 0.0, 36000000.0, 0.0, 32000000.0, 0.0, 64000000.0, 0.0, -1883488125.0, 1000000000.0, 4000000.0, 0.0, 85500000.0, 0.0, 40500000.0, 0.0, 117000000.0, 0.0, 212500000.0, 0.0, 500000.0, 1000000.0, 2000000.0, 4000000.0, 8000000.0, 16000000.0, 32000000.0, 64000000.0, 128000000.0, 187500000.0, 0.0, 0.0, 0.0, 0.0, 0.0, 0.0, 0.0, 0.0, 0.0, 0.0], [0.0, 77000000.0, 0.0, 26000000.0, 0.0, 24000000.0, 0.0, 54500000.0, 0.0, 36000000.0, 0.0, 32000000.0, 0.0, 64000000.0, 1000000000.0, -1964490508.0, 0.0, 4000000.0, 0.0, 85500000.0, 0.0, 40500000.0, 0.0, 117000000.0, 0.0, 212500000.0, 0.0, 0.0, 0.0, 0.0, 0.0, 0.0, 0.0, 0.0, 0.0, 0.0, 500000.0, 1000000.0, 2000000.0, 4000000.0, 8000000.0, 16000000.0, 32000000.0, 64000000.0, 128000000.0, 228000000.0], [123200000.0, 0.0, 41600000.0, 0.0, 38400000.0, 0.0, 87200000.0, 0.0, 57600000.0, 0.0, 51200000.0, 0.0, 102400000.0, 0.0, 4000000.0, 0.0, -2411185673.0, 1000000000.0, 136800000.0, 0.0, 64800000.0, 0.0, 187200000.0, 0.0, 340000000.0, 0.0, 800000.0, 1600000.0, 3200000.0, 6400000.0, 12800000.0, 25600000.0, 51200000.0, 102400000.0, 204800000.0, 300000000.0, 0.0, 0.0, 0.0, 0.0, 0.0, 0.0, 0.0, 0.0, 0.0, 0.0], [0.0, 123200000.0, 0.0, 41600000.0, 0.0, 38400000.0, 0.0, 87200000.0, 0.0, 57600000.0, 0.0, 51200000.0, 0.0, 102400000.0, 0.0, 4000000.0, 1000000000.0, -2540788778.0, 0.0, 136800000.0, 0.0, 64800000.0, 0.0, 187200000.0, 0.0, 340000000.0, 0.0, 0.0, 0.0, 0.0, 0.0, 0.0, 0.0, 0.0, 0.0, 0.0, 800000.0, 1600000.0, 3200000.0, 6400000.0, 12800000.0, 25600000.0, 51200000.0, 102400000.0, 204800000.0, 364800000.0], [2633400000.0, 0.0, 889200000.0, 0.0, 820800000.0, 0.0, 1863900000.0, 0.0, 1231200000.0, 0.0, 1094400000.0, 0.0, 2188800000.0, 0.0, 85500000.0, 0.0, 136800000.0, 0.0, -28376779630.0, 1000000000.0, 1385100000.0, 0.0, 4001400000.0, 0.0, 7267500000.0, 0.0, 17100000.0, 34200000.0, 68400000.0, 136800000.0, 273600000.0, 547200000.0, 1094400000.0, 2188800000.0, 4377600000.0, 6412500000.0, 0.0, 0.0, 0.0, 0.0, 0.0, 0.0, 0.0, 0.0, 0.0, 0.0], [0.0, 2633400000.0, 0.0, 889200000.0, 0.0, 820800000.0, 0.0, 1863900000.0, 0.0, 1231200000.0, 0.0, 1094400000.0, 0.0, 2188800000.0, 0.0, 85500000.0, 0.0, 136800000.0, 1000000000.0, -31147046690.0, 0.0, 1385100000.0, 0.0, 4001400000.0, 0.0, 7267500000.0, 0.0, 0.0, 0.0, 0.0, 0.0, 0.0, 0.0, 0.0, 0.0, 0.0, 17100000.0, 34200000.0, 68400000.0, 136800000.0, 273600000.0, 547200000.0, 1094400000.0, 2188800000.0, 4377600000.0, 7797600000.0], [1247400000.0, 0.0, 421200000.0, 0.0, 388800000.0, 0.0, 882900000.0, 0.0, 583200000.0, 0.0, 518400000.0, 0.0, 1036800000.0, 0.0, 40500000.0, 0.0, 64800000.0, 0.0, 1385100000.0, 0.0, -14696951234.0, 1000000000.0, 1895400000.0, 0.0, 3442500000.0, 0.0, 8100000.0, 16200000.0, 32400000.0, 64800000.0, 129600000.0, 259200000.0, 518400000.0, 1036800000.0, 2073600000.0, 3037500000.0, 0.0, 0.0, 0.0, 0.0, 0.0, 0.0, 0.0, 0.0, 0.0, 0.0], [0.0, 1247400000.0, 0.0, 421200000.0, 0.0, 388800000.0, 0.0, 882900000.0, 0.0, 583200000.0, 0.0, 518400000.0, 0.0, 1036800000.0, 0.0, 40500000.0, 0.0, 64800000.0, 0.0, 1385100000.0, 1000000000.0, -16009182937.0, 0.0, 1895400000.0, 0.0, 3442500000.0, 0.0, 0.0, 0.0, 0.0, 0.0, 0.0, 0.0, 0.0, 0.0, 0.0, 8100000.0, 16200000.0, 32400000.0, 64800000.0, 129600000.0, 259200000.0, 518400000.0, 1036800000.0, 2073600000.0, 3693600000.0], [3603600000.0, 0.0, 1216800000.0, 0.0, 1123200000.0, 0.0, 2550600000.0, 0.0, 1684800000.0, 0.0, 1497600000.0, 0.0, 2995200000.0, 0.0, 117000000.0, 0.0, 187200000.0, 0.0, 4001400000.0, 0.0, 1895400000.0, 0.0, -36988463254.0, 1000000000.0, 9945000000.0, 0.0, 23400000.0, 46800000.0, 93600000.0, 187200000.0, 374400000.0, 748800000.0, 1497600000.0, 2995200000.0, 5990400000.0, 8775000000.0, 0.0, 0.0, 0.0, 0.0, 0.0, 0.0, 0.0, 0.0, 0.0, 0.0], [0.0, 3603600000.0, 0.0, 1216800000.0, 0.0, 1123200000.0, 0.0, 2550600000.0, 0.0, 1684800000.0, 0.0, 1497600000.0, 0.0, 2995200000.0, 0.0, 117000000.0, 0.0, 187200000.0, 0.0, 4001400000.0, 0.0, 1895400000.0, 1000000000.0, -40779357243.0, 0.0, 9945000000.0, 0.0, 0.0, 0.0, 0.0, 0.0, 0.0, 0.0, 0.0, 0.0, 0.0, 23400000.0, 46800000.0, 93600000.0, 187200000.0, 374400000.0, 748800000.0, 1497600000.0, 2995200000.0, 5990400000.0, 10670400000.0], [6545000000.0, 0.0, 2210000000.0, 0.0, 2040000000.0, 0.0, 4632500000.0, 0.0, 3060000000.0, 0.0, 2720000000.0, 0.0, 5440000000.0, 0.0, 212500000.0, 0.0, 340000000.0, 0.0, 7267500000.0, 0.0, 3442500000.0, 0.0, 9945000000.0, 0.0, -58245496438.0, 1000000000.0, 42500000.0, 85000000.0, 170000000.0, 340000000.0, 680000000.0, 1360000000.0, 2720000000.0, 5440000000.0, 10880000000.0, 15937500000.0, 0.0, 0.0, 0.0, 0.0, 0.0, 0.0, 0.0, 0.0, 0.0, 0.0], [0.0, 6545000000.0, 0.0, 2210000000.0, 0.0, 2040000000.0, 0.0, 4632500000.0, 0.0, 3060000000.0, 0.0, 2720000000.0, 0.0, 5440000000.0, 0.0, 212500000.0, 0.0, 340000000.0, 0.0, 7267500000.0, 0.0, 3442500000.0, 0.0, 9945000000.0, 1000000000.0, -65130664776.0, 0.0, 0.0, 0.0, 0.0, 0.0, 0.0, 0.0, 0.0, 0.0, 0.0, 42500000.0, 85000000.0, 170000000.0, 340000000.0, 680000000.0, 1360000000.0, 2720000000.0, 5440000000.0, 10880000000.0, 19380000000.0], [15400000.0, 0.0, 5200000.0, 0.0, 4800000.0, 0.0, 10900000.0, 0.0, 7200000.0, 0.0, 6400000.0, 0.0, 12800000.0, 0.0, 500000.0, 0.0, 800000.0, 0.0, 17100000.0, 0.0, 8100000.0, 0.0, 23400000.0, 0.0, 42500000.0, 0.0, -177100000.0, 200000.0, 400000.0, 800000.0, 1600000.0, 3200000.0, 6400000.0, 12800000.0, 25600000.0, 37500000.0, 0.0, 0.0, 0.0, 0.0, 0.0, 0.0, 0.0, 0.0, 0.0, 0.0], [30800000.0, 0.0, 10400000.0, 0.0, 9600000.0, 0.0, 21800000.0, 0.0, 14400000.0, 0.0, 12800000.0, 0.0, 25600000.0, 0.0, 1000000.0, 0.0, 1600000.0, 0.0, 34200000.0, 0.0, 16200000.0, 0.0, 46800000.0, 0.0, 85000000.0, 0.0, 200000.0, -354000000.0, 800000.0, 1600000.0, 3200000.0, 6400000.0, 12800000.0, 25600000.0, 51200000.0, 75000000.0, 0.0, 0.0, 0.0, 0.0, 0.0, 0.0, 0.0, 0.0, 0.0, 0.0], [61600000.0, 0.0, 20800000.0, 0.0, 19200000.0, 0.0, 43600000.0, 0.0, 28800000.0, 0.0, 25600000.0, 0.0, 51200000.0, 0.0, 2000000.0, 0.0, 3200000.0, 0.0, 68400000.0, 0.0, 32400000.0, 0.0, 93600000.0, 0.0, 170000000.0, 0.0, 400000.0, 800000.0, -707200000.0, 3200000.0, 6400000.0, 12800000.0, 25600000.0, 51200000.0, 102400000.0, 150000000.0, 0.0, 0.0, 0.0, 0.0, 0.0, 0.0, 0.0, 0.0, 0.0, 0.0], [123200000.0, 0.0, 41600000.0, 0.0, 38400000.0, 0.0, 87200000.0, 0.0, 57600000.0, 0.0, 51200000.0, 0.0, 102400000.0, 0.0, 4000000.0, 0.0, 6400000.0, 0.0, 136800000.0, 0.0, 64800000.0, 0.0, 187200000.0, 0.0, 340000000.0, 0.0, 800000.0, 1600000.0, 3200000.0, -1411200000.0, 12800000.0, 25600000.0, 51200000.0, 102400000.0, 204800000.0, 300000000.0, 0.0, 0.0, 0.0, 0.0, 0.0, 0.0, 0.0, 0.0, 0.0, 0.0], [246400000.0, 0.0, 83200000.0, 0.0, 76800000.0, 0.0, 174400000.0, 0.0, 115200000.0, 0.0, 102400000.0, 0.0, 204800000.0, 0.0, 8000000.0, 0.0, 12800000.0, 0.0, 273600000.0, 0.0, 129600000.0, 0.0, 374400000.0, 0.0, 680000000.0, 0.0, 1600000.0, 3200000.0, 6400000.0, 12800000.0, -2809600000.0, 51200000.0, 102400000.0, 204800000.0, 409600000.0, 600000000.0, 0.0, 0.0, 0.0, 0.0, 0.0, 0.0, 0.0, 0.0, 0.0, 0.0], [492800000.0, 0.0, 166400000.0, 0.0, 153600000.0, 0.0, 348800000.0, 0.0, 230400000.0, 0.0, 204800000.0, 0.0, 409600000.0, 0.0, 16000000.0, 0.0, 25600000.0, 0.0, 547200000.0, 0.0, 259200000.0, 0.0, 748800000.0, 0.0, 1360000000.0, 0.0, 3200000.0, 6400000.0, 12800000.0, 25600000.0, 51200000.0, -5568000000.0, 204800000.0, 409600000.0, 819200000.0, 1200000000.0, 0.0, 0.0, 0.0, 0.0, 0.0, 0.0, 0.0, 0.0, 0.0, 0.0], [985600000.0, 0.0, 332800000.0, 0.0, 307200000.0, 0.0, 697600000.0, 0.0, 460800000.0, 0.0, 409600000.0, 0.0, 819200000.0, 0.0, 32000000.0, 0.0, 51200000.0, 0.0, 1094400000.0, 0.0, 518400000.0, 0.0, 1497600000.0, 0.0, 2720000000.0, 0.0, 6400000.0, 12800000.0, 25600000.0, 51200000.0, 102400000.0, 204800000.0, -10931200000.0, 819200000.0, 1638400000.0, 2400000000.0, 0.0, 0.0, 0.0, 0.0, 0.0, 0.0, 0.0, 0.0, 0.0, 0.0], [1971200000.0, 0.0, 665600000.0, 0.0, 614400000.0, 0.0, 1395200000.0, 0.0, 921600000.0, 0.0, 819200000.0, 0.0, 1638400000.0, 0.0, 64000000.0, 0.0, 102400000.0, 0.0, 2188800000.0, 0.0, 1036800000.0, 0.0, 2995200000.0, 0.0, 5440000000.0, 0.0, 12800000.0, 25600000.0, 51200000.0, 102400000.0, 204800000.0, 409600000.0, 819200000.0, -21043200000.0, 3276800000.0, 4800000000.0, 0.0, 0.0, 0.0, 0.0, 0.0, 0.0, 0.0, 0.0, 0.0, 0.0], [3942400000.0, 0.0, 1331200000.0, 0.0, 1228800000.0, 0.0, 2790400000.0, 0.0, 1843200000.0, 0.0, 1638400000.0, 0.0, 3276800000.0, 0.0, 128000000.0, 0.0, 204800000.0, 0.0, 4377600000.0, 0.0, 2073600000.0, 0.0, 5990400000.0, 0.0, 10880000000.0, 0.0, 25600000.0, 51200000.0, 102400000.0, 204800000.0, 409600000.0, 819200000.0, 1638400000.0, 3276800000.0, -38809600000.0, 9600000000.0, 0.0, 0.0, 0.0, 0.0, 0.0, 0.0, 0.0, 0.0, 0.0, 0.0], [5775000000.0, 0.0, 1950000000.0, 0.0, 1800000000.0, 0.0, 4087500000.0, 0.0, 2700000000.0, 0.0, 2400000000.0, 0.0, 4800000000.0, 0.0, 187500000.0, 0.0, 300000000.0, 0.0, 6412500000.0, 0.0, 3037500000.0, 0.0, 8775000000.0, 0.0, 15937500000.0, 0.0, 37500000.0, 75000000.0, 150000000.0, 300000000.0, 600000000.0, 1200000000.0, 2400000000.0, 4800000000.0, 9600000000.0, -52387500000.0, 0.0, 0.0, 0.0, 0.0, 0.0, 0.0, 0.0, 0.0, 0.0, 0.0], [0.0, 15400000.0, 0.0, 5200000.0, 0.0, 4800000.0, 0.0, 10900000.0, 0.0, 7200000.0, 0.0, 6400000.0, 0.0, 12800000.0, 0.0, 500000.0, 0.0, 800000.0, 0.0, 17100000.0, 0.0, 8100000.0, 0.0, 23400000.0, 0.0, 42500000.0, 0.0, 0.0, 0.0, 0.0, 0.0, 0.0, 0.0, 0.0, 0.0, 0.0, -193300000.0, 200000.0, 400000.0, 800000.0, 1600000.0, 3200000.0, 6400000.0, 12800000.0, 25600000.0, 45600000.0], [0.0, 30800000.0, 0.0, 10400000.0, 0.0, 9600000.0, 0.0, 21800000.0, 0.0, 14400000.0, 0.0, 12800000.0, 0.0, 25600000.0, 0.0, 1000000.0, 0.0, 1600000.0, 0.0, 34200000.0, 0.0, 16200000.0, 0.0, 46800000.0, 0.0, 85000000.0, 0.0, 0.0, 0.0, 0.0, 0.0, 0.0, 0.0, 0.0, 0.0, 0.0, 200000.0, -386400000.0, 800000.0, 1600000.0, 3200000.0, 6400000.0, 12800000.0, 25600000.0, 51200000.0, 91200000.0], [0.0, 61600000.0, 0.0, 20800000.0, 0.0, 19200000.0, 0.0, 43600000.0, 0.0, 28800000.0, 0.0, 25600000.0, 0.0, 51200000.0, 0.0, 2000000.0, 0.0, 3200000.0, 0.0, 68400000.0, 0.0, 32400000.0, 0.0, 93600000.0, 0.0, 170000000.0, 0.0, 0.0, 0.0, 0.0, 0.0, 0.0, 0.0, 0.0, 0.0, 0.0, 400000.0, 800000.0, -772000000.0, 3200000.0, 6400000.0, 12800000.0, 25600000.0, 51200000.0, 102400000.0, 182400000.0], [0.0, 123200000.0, 0.0, 41600000.0, 0.0, 38400000.0, 0.0, 87200000.0, 0.0, 57600000.0, 0.0, 51200000.0, 0.0, 102400000.0, 0.0, 4000000.0, 0.0, 6400000.0, 0.0, 136800000.0, 0.0, 64800000.0, 0.0, 187200000.0, 0.0, 340000000.0, 0.0, 0.0, 0.0, 0.0, 0.0, 0.0, 0.0, 0.0, 0.0, 0.0, 800000.0, 1600000.0, 3200000.0, -1540800000.0, 12800000.0, 25600000.0, 51200000.0, 102400000.0, 204800000.0, 364800000.0], [0.0, 246400000.0, 0.0, 83200000.0, 0.0, 76800000.0, 0.0, 174400000.0, 0.0, 115200000.0, 0.0, 102400000.0, 0.0, 204800000.0, 0.0, 8000000.0, 0.0, 12800000.0, 0.0, 273600000.0, 0.0, 129600000.0, 0.0, 374400000.0, 0.0, 680000000.0, 0.0, 0.0, 0.0, 0.0, 0.0, 0.0, 0.0, 0.0, 0.0, 0.0, 1600000.0, 3200000.0, 6400000.0, 12800000.0, -3068800000.0, 51200000.0, 102400000.0, 204800000.0, 409600000.0, 729600000.0], [0.0, 492800000.0, 0.0, 166400000.0, 0.0, 153600000.0, 0.0, 348800000.0, 0.0, 230400000.0, 0.0, 204800000.0, 0.0, 409600000.0, 0.0, 16000000.0, 0.0, 25600000.0, 0.0, 547200000.0, 0.0, 259200000.0, 0.0, 748800000.0, 0.0, 1360000000.0, 0.0, 0.0, 0.0, 0.0, 0.0, 0.0, 0.0, 0.0, 0.0, 0.0, 3200000.0, 6400000.0, 12800000.0, 25600000.0, 51200000.0, -6086400000.0, 204800000.0, 409600000.0, 819200000.0, 1459200000.0], [0.0, 985600000.0, 0.0, 332800000.0, 0.0, 307200000.0, 0.0, 697600000.0, 0.0, 460800000.0, 0.0, 409600000.0, 0.0, 819200000.0, 0.0, 32000000.0, 0.0, 51200000.0, 0.0, 1094400000.0, 0.0, 518400000.0, 0.0, 1497600000.0, 0.0, 2720000000.0, 0.0, 0.0, 0.0, 0.0, 0.0, 0.0, 0.0, 0.0, 0.0, 0.0, 6400000.0, 12800000.0, 25600000.0, 51200000.0, 102400000.0, 204800000.0, -11968000000.0, 819200000.0, 1638400000.0, 2918400000.0], [0.0, 1971200000.0, 0.0, 665600000.0, 0.0, 614400000.0, 0.0, 1395200000.0, 0.0, 921600000.0, 0.0, 819200000.0, 0.0, 1638400000.0, 0.0, 64000000.0, 0.0, 102400000.0, 0.0, 2188800000.0, 0.0, 1036800000.0, 0.0, 2995200000.0, 0.0, 5440000000.0, 0.0, 0.0, 0.0, 0.0, 0.0, 0.0, 0.0, 0.0, 0.0, 0.0, 12800000.0, 25600000.0, 51200000.0, 102400000.0, 204800000.0, 409600000.0, 819200000.0, -23116800000.0, 3276800000.0, 5836800000.0], [0.0, 3942400000.0, 0.0, 1331200000.0, 0.0, 1228800000.0, 0.0, 2790400000.0, 0.0, 1843200000.0, 0.0, 1638400000.0, 0.0, 3276800000.0, 0.0, 128000000.0, 0.0, 204800000.0, 0.0, 4377600000.0, 0.0, 2073600000.0, 0.0, 5990400000.0, 0.0, 10880000000.0, 0.0, 0.0, 0.0, 0.0, 0.0, 0.0, 0.0, 0.0, 0.0, 0.0, 25600000.0, 51200000.0, 102400000.0, 204800000.0, 409600000.0, 819200000.0, 1638400000.0, 3276800000.0, -42956800000.0, 11673600000.0], [0.0, 7022400000.0, 0.0, 2371200000.0, 0.0, 2188800000.0, 0.0, 4970400000.0, 0.0, 3283200000.0, 0.0, 2918400000.0, 0.0, 5836800000.0, 0.0, 228000000.0, 0.0, 364800000.0, 0.0, 7797600000.0, 0.0, 3693600000.0, 0.0, 10670400000.0, 0.0, 19380000000.0, 0.0, 0.0, 0.0, 0.0, 0.0, 0.0, 0.0, 0.0, 0.0, 0.0, 45600000.0, 91200000.0, 182400000.0, 364800000.0, 729600000.0, 1459200000.0, 2918400000.0, 5836800000.0, 11673600000.0, -67396800000.0]]"
  },
  "variable_mappings": [
    {
      "machine_id": 24,
      "machine_name_convenience_only": "GP260",
      "dieset_id": 8,
      "dieset_number_convenience_only": "4984449, 4984462",
      "variable_id": 0,
      "variable_name_convenience_only": "md_GP260_4984449, 4984462"
    },
    {
      "machine_id": 27,
      "machine_name_convenience_only": "GP640",
      "dieset_id": 8,
      "dieset_number_convenience_only": "4984449, 4984462",
      "variable_id": 1,
      "variable_name_convenience_only": "md_GP640_4984449, 4984462"
    },
    {
      "machine_id": 24,
      "machine_name_convenience_only": "GP260",
      "dieset_id": 7,
      "dieset_number_convenience_only": "4984449, 5031550",
      "variable_id": 2,
      "variable_name_convenience_only": "md_GP260_4984449, 5031550"
    },
    {
      "machine_id": 27,
      "machine_name_convenience_only": "GP640",
      "dieset_id": 7,
      "dieset_number_convenience_only": "4984449, 5031550",
      "variable_id": 3,
      "variable_name_convenience_only": "md_GP640_4984449, 5031550"
    },
    {
      "machine_id": 24,
      "machine_name_convenience_only": "GP260",
      "dieset_id": 1,
      "dieset_number_convenience_only": "4985498",
      "variable_id": 4,
      "variable_name_convenience_only": "md_GP260_4985498"
    },
    {
      "machine_id": 27,
      "machine_name_convenience_only": "GP640",
      "dieset_id": 1,
      "dieset_number_convenience_only": "4985498",
      "variable_id": 5,
      "variable_name_convenience_only": "md_GP640_4985498"
    },
    {
      "machine_id": 24,
      "machine_name_convenience_only": "GP260",
      "dieset_id": 3,
      "dieset_number_convenience_only": "5090393",
      "variable_id": 6,
      "variable_name_convenience_only": "md_GP260_5090393"
    },
    {
      "machine_id": 27,
      "machine_name_convenience_only": "GP640",
      "dieset_id": 3,
      "dieset_number_convenience_only": "5090393",
      "variable_id": 7,
      "variable_name_convenience_only": "md_GP640_5090393"
    },
    {
      "machine_id": 24,
      "machine_name_convenience_only": "GP260",
      "dieset_id": 22,
      "dieset_number_convenience_only": "5101959",
      "variable_id": 8,
      "variable_name_convenience_only": "md_GP260_5101959"
    },
    {
      "machine_id": 27,
      "machine_name_convenience_only": "GP640",
      "dieset_id": 22,
      "dieset_number_convenience_only": "5101959",
      "variable_id": 9,
      "variable_name_convenience_only": "md_GP640_5101959"
    },
    {
      "machine_id": 24,
      "machine_name_convenience_only": "GP260",
      "dieset_id": 24,
      "dieset_number_convenience_only": "5102992",
      "variable_id": 10,
      "variable_name_convenience_only": "md_GP260_5102992"
    },
    {
      "machine_id": 27,
      "machine_name_convenience_only": "GP640",
      "dieset_id": 24,
      "dieset_number_convenience_only": "5102992",
      "variable_id": 11,
      "variable_name_convenience_only": "md_GP640_5102992"
    },
    {
      "machine_id": 24,
      "machine_name_convenience_only": "GP260",
      "dieset_id": 11,
      "dieset_number_convenience_only": "5103015",
      "variable_id": 12,
      "variable_name_convenience_only": "md_GP260_5103015"
    },
    {
      "machine_id": 27,
      "machine_name_convenience_only": "GP640",
      "dieset_id": 11,
      "dieset_number_convenience_only": "5103015",
      "variable_id": 13,
      "variable_name_convenience_only": "md_GP640_5103015"
    },
    {
      "machine_id": 24,
      "machine_name_convenience_only": "GP260",
      "dieset_id": 9,
      "dieset_number_convenience_only": "5448237",
      "variable_id": 14,
      "variable_name_convenience_only": "md_GP260_5448237"
    },
    {
      "machine_id": 27,
      "machine_name_convenience_only": "GP640",
      "dieset_id": 9,
      "dieset_number_convenience_only": "5448237",
      "variable_id": 15,
      "variable_name_convenience_only": "md_GP640_5448237"
    },
    {
      "machine_id": 24,
      "machine_name_convenience_only": "GP260",
      "dieset_id": 0,
      "dieset_number_convenience_only": "5457220",
      "variable_id": 16,
      "variable_name_convenience_only": "md_GP260_5457220"
    },
    {
      "machine_id": 27,
      "machine_name_convenience_only": "GP640",
      "dieset_id": 0,
      "dieset_number_convenience_only": "5457220",
      "variable_id": 17,
      "variable_name_convenience_only": "md_GP640_5457220"
    },
    {
      "machine_id": 24,
      "machine_name_convenience_only": "GP260",
      "dieset_id": 13,
      "dieset_number_convenience_only": "5709958",
      "variable_id": 18,
      "variable_name_convenience_only": "md_GP260_5709958"
    },
    {
      "machine_id": 27,
      "machine_name_convenience_only": "GP640",
      "dieset_id": 13,
      "dieset_number_convenience_only": "5709958",
      "variable_id": 19,
      "variable_name_convenience_only": "md_GP640_5709958"
    },
    {
      "machine_id": 24,
      "machine_name_convenience_only": "GP260",
      "dieset_id": 20,
      "dieset_number_convenience_only": "5717907",
      "variable_id": 20,
      "variable_name_convenience_only": "md_GP260_5717907"
    },
    {
      "machine_id": 27,
      "machine_name_convenience_only": "GP640",
      "dieset_id": 20,
      "dieset_number_convenience_only": "5717907",
      "variable_id": 21,
      "variable_name_convenience_only": "md_GP640_5717907"
    },
    {
      "machine_id": 24,
      "machine_name_convenience_only": "GP260",
      "dieset_id": 2,
      "dieset_number_convenience_only": "5718733, 5718701",
      "variable_id": 22,
      "variable_name_convenience_only": "md_GP260_5718733, 5718701"
    },
    {
      "machine_id": 27,
      "machine_name_convenience_only": "GP640",
      "dieset_id": 2,
      "dieset_number_convenience_only": "5718733, 5718701",
      "variable_id": 23,
      "variable_name_convenience_only": "md_GP640_5718733, 5718701"
    },
    {
      "machine_id": 24,
      "machine_name_convenience_only": "GP260",
      "dieset_id": 5,
      "dieset_number_convenience_only": "5801397",
      "variable_id": 24,
      "variable_name_convenience_only": "md_GP260_5801397"
    },
    {
      "machine_id": 27,
      "machine_name_convenience_only": "GP640",
      "dieset_id": 5,
      "dieset_number_convenience_only": "5801397",
      "variable_id": 25,
      "variable_name_convenience_only": "md_GP640_5801397"
    }
  ],
  "model": {
    "dieset_choices": [
      {
        "dieset_id": 17,
        "dieset_number": "3002866",
        "machine_choices": [
          {
            "choice_name": "Put Dieset 3002866 on machine GP260",
            "machine": {
              "machine_id": 24,
              "machine_name": "GP260",
              "max_capacity_hours_per_timeslice": 2509.6136761032312,
              "max_capacity_constraint": {
                "constraint_name": "Max Capacity Machine GP260",
                "weight": 1.0
              },
              "cost_reallocation_euro": 10000.0
            },
            "work_required_hours": 16.494873808587574,
            "work_cost": 29872.2164673521,
            "transport_cost": 0.0,
            "transport_costs_breakdown": [
              {
                "location_id": 2,
                "location_name": "Dingolfing",
                "truckloads": 12.0,
                "transport_rate_euro_per_truck_per_km": 999.0,
                "distance_km": 0.0,
                "costs": 0.0
              }
            ]
          }
        ],
        "assign_exactly_once_constraint": null
      },
      {
        "dieset_id": 18,
        "dieset_number": "3002878",
        "machine_choices": [
          {
            "choice_name": "Put Dieset 3002878 on machine GP260",
            "machine": {
              "machine_id": 24,
              "machine_name": "GP260",
              "max_capacity_hours_per_timeslice": 2509.6136761032312,
              "max_capacity_constraint": {
                "constraint_name": "Max Capacity Machine GP260",
                "weight": 1.0
              },
              "cost_reallocation_euro": 10000.0
            },
            "work_required_hours": 15.959502279928897,
            "work_cost": 28902.65862895123,
            "transport_cost": 0.0,
            "transport_costs_breakdown": [
              {
                "location_id": 2,
                "location_name": "Dingolfing",
                "truckloads": 6.0,
                "transport_rate_euro_per_truck_per_km": 999.0,
                "distance_km": 0.0,
                "costs": 0.0
              }
            ]
          }
        ],
        "assign_exactly_once_constraint": null
      },
      {
        "dieset_id": 23,
        "dieset_number": "3002931",
        "machine_choices": [
          {
            "choice_name": "Put Dieset 3002931 on machine GP260",
            "machine": {
              "machine_id": 24,
              "machine_name": "GP260",
              "max_capacity_hours_per_timeslice": 2509.6136761032312,
              "max_capacity_constraint": {
                "constraint_name": "Max Capacity Machine GP260",
                "weight": 1.0
              },
              "cost_reallocation_euro": 10000.0
            },
            "work_required_hours": 15.61413059915918,
            "work_cost": 28277.190515077276,
            "transport_cost": 0.0,
            "transport_costs_breakdown": [
              {
                "location_id": 2,
                "location_name": "Dingolfing",
                "truckloads": 31.0,
                "transport_rate_euro_per_truck_per_km": 999.0,
                "distance_km": 0.0,
                "costs": 0.0
              }
            ]
          }
        ],
        "assign_exactly_once_constraint": null
      },
      {
        "dieset_id": 15,
        "dieset_number": "3002943",
        "machine_choices": [
          {
            "choice_name": "Put Dieset 3002943 on machine GP260",
            "machine": {
              "machine_id": 24,
              "machine_name": "GP260",
              "max_capacity_hours_per_timeslice": 2509.6136761032312,
              "max_capacity_constraint": {
                "constraint_name": "Max Capacity Machine GP260",
                "weight": 1.0
              },
              "cost_reallocation_euro": 10000.0
            },
            "work_required_hours": 16.431924882629104,
            "work_cost": 29758.215962441307,
            "transport_cost": 0.0,
            "transport_costs_breakdown": [
              {
                "location_id": 2,
                "location_name": "Dingolfing",
                "truckloads": 31.0,
                "transport_rate_euro_per_truck_per_km": 999.0,
                "distance_km": 0.0,
                "costs": 0.0
              }
            ]
          }
        ],
        "assign_exactly_once_constraint": null
      },
      {
        "dieset_id": 27,
        "dieset_number": "3003468",
        "machine_choices": [
          {
            "choice_name": "Put Dieset 3003468 on machine GP260",
            "machine": {
              "machine_id": 24,
              "machine_name": "GP260",
              "max_capacity_hours_per_timeslice": 2509.6136761032312,
              "max_capacity_constraint": {
                "constraint_name": "Max Capacity Machine GP260",
                "weight": 1.0
              },
              "cost_reallocation_euro": 10000.0
            },
            "work_required_hours": 24.59894727551633,
            "work_cost": 44548.69351596008,
            "transport_cost": 0.0,
            "transport_costs_breakdown": [
              {
                "location_id": 2,
                "location_name": "Dingolfing",
                "truckloads": 78.0,
                "transport_rate_euro_per_truck_per_km": 999.0,
                "distance_km": 0.0,
                "costs": 0.0
              }
            ]
          }
        ],
        "assign_exactly_once_constraint": null
      },
      {
        "dieset_id": 26,
        "dieset_number": "3003701",
        "machine_choices": [
          {
            "choice_name": "Put Dieset 3003701 on machine GP260",
            "machine": {
              "machine_id": 24,
              "machine_name": "GP260",
              "max_capacity_hours_per_timeslice": 2509.6136761032312,
              "max_capacity_constraint": {
                "constraint_name": "Max Capacity Machine GP260",
                "weight": 1.0
              },
              "cost_reallocation_euro": 10000.0
            },
            "work_required_hours": 24.703562685494223,
            "work_cost": 44738.15202343003,
            "transport_cost": 0.0,
            "transport_costs_breakdown": [
              {
                "location_id": 2,
                "location_name": "Dingolfing",
                "truckloads": 22.0,
                "transport_rate_euro_per_truck_per_km": 999.0,
                "distance_km": 0.0,
                "costs": 0.0
              }
            ]
          }
        ],
        "assign_exactly_once_constraint": null
      },
      {
        "dieset_id": 19,
        "dieset_number": "4980181",
        "machine_choices": [
          {
            "choice_name": "Put Dieset 4980181 on machine GP260",
            "machine": {
              "machine_id": 24,
              "machine_name": "GP260",
              "max_capacity_hours_per_timeslice": 2509.6136761032312,
              "max_capacity_constraint": {
                "constraint_name": "Max Capacity Machine GP260",
                "weight": 1.0
              },
              "cost_reallocation_euro": 10000.0
            },
            "work_required_hours": 126.70397256233355,
            "work_cost": 229460.89431038604,
            "transport_cost": 0.0,
            "transport_costs_breakdown": [
              {
                "location_id": 2,
                "location_name": "Dingolfing",
                "truckloads": 182.0,
                "transport_rate_euro_per_truck_per_km": 999.0,
                "distance_km": 0.0,
                "costs": 0.0
              }
            ]
          }
        ],
        "assign_exactly_once_constraint": null
      },
      {
        "dieset_id": 14,
        "dieset_number": "4983105",
        "machine_choices": [
          {
            "choice_name": "Put Dieset 4983105 on machine GP260",
            "machine": {
              "machine_id": 24,
              "machine_name": "GP260",
              "max_capacity_hours_per_timeslice": 2509.6136761032312,
              "max_capacity_constraint": {
                "constraint_name": "Max Capacity Machine GP260",
                "weight": 1.0
              },
              "cost_reallocation_euro": 10000.0
            },
            "work_required_hours": 58.102977097390514,
            "work_cost": 105224.4915233742,
            "transport_cost": 0.0,
            "transport_costs_breakdown": [
              {
                "location_id": 2,
                "location_name": "Dingolfing",
                "truckloads": 38.0,
                "transport_rate_euro_per_truck_per_km": 999.0,
                "distance_km": 0.0,
                "costs": 0.0
              }
            ]
          }
        ],
        "assign_exactly_once_constraint": null
      },
      {
        "dieset_id": 4,
        "dieset_number": "4984418",
        "machine_choices": [
          {
            "choice_name": "Put Dieset 4984418 on machine GP260",
            "machine": {
              "machine_id": 24,
              "machine_name": "GP260",
              "max_capacity_hours_per_timeslice": 2509.6136761032312,
              "max_capacity_constraint": {
                "constraint_name": "Max Capacity Machine GP260",
                "weight": 1.0
              },
              "cost_reallocation_euro": 10000.0
            },
            "work_required_hours": 254.79478776529336,
            "work_cost": 461433.3606429463,
            "transport_cost": 127573.04000000001,
            "transport_costs_breakdown": [
              {
                "location_id": 26,
                "location_name": "MSF",
