{
  "qubo": {
    "id": 0,
    "name": "MachineDiesetProblem",
    "variables": [
      {
        "id": 0,
        "name": "0",
        "slack": false
      },
      {
        "id": 1,
        "name": "1",
        "slack": false
      },
      {
        "id": 2,
        "name": "2",
        "slack": false
      },
      {
        "id": 3,
        "name": "3",
        "slack": false
      },
      {
        "id": 4,
        "name": "4",
        "slack": false
      },
      {
        "id": 5,
        "name": "5",
        "slack": false
      },
      {
        "id": 6,
        "name": "6",
        "slack": false
      },
      {
        "id": 7,
        "name": "7",
        "slack": false
      },
      {
        "id": 8,
        "name": "8",
        "slack": false
      },
      {
        "id": 9,
        "name": "9",
        "slack": false
      },
      {
        "id": 10,
        "name": "10",
        "slack": false
      },
      {
        "id": 11,
        "name": "11",
        "slack": false
      },
      {
        "id": 12,
        "name": "12",
        "slack": false
      },
      {
        "id": 13,
        "name": "13",
        "slack": false
      },
      {
        "id": 14,
        "name": "14",
        "slack": false
      },
      {
        "id": 15,
        "name": "15",
        "slack": false
      },
      {
        "id": 16,
        "name": "16",
        "slack": false
      },
      {
        "id": 17,
        "name": "17",
        "slack": false
      },
      {
        "id": 18,
        "name": "18",
        "slack": false
      },
      {
        "id": 19,
        "name": "19",
        "slack": false
      },
      {
        "id": 20,
        "name": "20",
        "slack": false
      },
      {
        "id": 21,
        "name": "21",
        "slack": false
      },
      {
        "id": 22,
        "name": "22",
        "slack": false
      },
      {
        "id": 23,
        "name": "23",
        "slack": false
      },
      {
        "id": 24,
        "name": "24",
        "slack": false
      },
      {
        "id": 25,
        "name": "25",
        "slack": false
      },
      {
        "id": 26,
        "name": "26",
        "slack": false
      },
      {
        "id": 27,
        "name": "27",
        "slack": false
      },
      {
        "id": 28,
        "name": "28",
        "slack": false
      },
      {
        "id": 29,
        "name": "29",
        "slack": false
      },
      {
        "id": 30,
        "name": "30",
        "slack": false
      },
      {
        "id": 31,
        "name": "31",
        "slack": false
      },
      {
        "id": 32,
        "name": "32",
        "slack": false
      },
      {
        "id": 33,
        "name": "33",
        "slack": false
      },
      {
        "id": 34,
        "name": "34",
        "slack": false
      },
      {
        "id": 35,
        "name": "35",
        "slack": false
      },
      {
        "id": 36,
        "name": "36",
        "slack": false
      },
      {
        "id": 37,
        "name": "37",
        "slack": false
      },
      {
        "id": 38,
        "name": "capacity_constraint_machine_24@int_slack@0",
        "slack": true
      },
      {
        "id": 39,
        "name": "capacity_constraint_machine_24@int_slack@1",
        "slack": true
      },
      {
        "id": 40,
        "name": "capacity_constraint_machine_24@int_slack@2",
        "slack": true
      },
      {
        "id": 41,
        "name": "capacity_constraint_machine_24@int_slack@3",
        "slack": true
      },
      {
        "id": 42,
        "name": "capacity_constraint_machine_24@int_slack@4",
        "slack": true
      },
      {
        "id": 43,
        "name": "capacity_constraint_machine_24@int_slack@5",
        "slack": true
      },
      {
        "id": 44,
        "name": "capacity_constraint_machine_24@int_slack@6",
        "slack": true
      },
      {
        "id": 45,
        "name": "capacity_constraint_machine_24@int_slack@7",
        "slack": true
      },
      {
        "id": 46,
        "name": "capacity_constraint_machine_24@int_slack@8",
        "slack": true
      },
      {
        "id": 47,
        "name": "capacity_constraint_machine_24@int_slack@9",
        "slack": true
      },
      {
        "id": 48,
        "name": "capacity_constraint_machine_24@int_slack@10",
        "slack": true
      },
      {
        "id": 49,
        "name": "capacity_constraint_machine_27@int_slack@0",
        "slack": true
      },
      {
        "id": 50,
        "name": "capacity_constraint_machine_27@int_slack@1",
        "slack": true
      },
      {
        "id": 51,
        "name": "capacity_constraint_machine_27@int_slack@2",
        "slack": true
      },
      {
        "id": 52,
        "name": "capacity_constraint_machine_27@int_slack@3",
        "slack": true
      },
      {
        "id": 53,
        "name": "capacity_constraint_machine_27@int_slack@4",
        "slack": true
      },
      {
        "id": 54,
        "name": "capacity_constraint_machine_27@int_slack@5",
        "slack": true
      },
      {
        "id": 55,
        "name": "capacity_constraint_machine_27@int_slack@6",
        "slack": true
      },
      {
        "id": 56,
        "name": "capacity_constraint_machine_27@int_slack@7",
        "slack": true
      },
      {
        "id": 57,
        "name": "capacity_constraint_machine_27@int_slack@8",
        "slack": true
      },
      {
        "id": 58,
        "name": "capacity_constraint_machine_27@int_slack@9",
        "slack": true
      },
      {
        "id": 59,
        "name": "capacity_constraint_machine_27@int_slack@10",
        "slack": true
      }
    ],
    "constant": 332963700000.0,
    "matrix": "[[-31487298809.0, 10000000.0, 800800000.0, 0.0, 739200000.0, 0.0, 1678600000.0, 0.0, 1108800000.0, 0.0, 985600000.0, 0.0, 1971200000.0, 0.0, 77000000.0, 0.0, 123200000.0, 0.0, 2633400000.0, 0.0, 1247400000.0, 0.0, 3603600000.0, 0.0, 6545000000.0, 0.0, 1694000000.0, 0.0, 1786400000.0, 0.0, 2002000000.0, 0.0, 723800000.0, 0.0, 1001000000.0, 0.0, 1848000000.0, 0.0, 15400000.0, 30800000.0, 61600000.0, 123200000.0, 246400000.0, 492800000.0, 985600000.0, 1971200000.0, 3942400000.0, 7884800000.0, 1170400000.0, 0.0, 0.0, 0.0, 0.0, 0.0, 0.0, 0.0, 0.0, 0.0, 0.0, 0.0], [10000000.0, -42482962593.0, 0.0, 800800000.0, 0.0, 739200000.0, 0.0, 1678600000.0, 0.0, 1108800000.0, 0.0, 985600000.0, 0.0, 1971200000.0, 0.0, 77000000.0, 0.0, 123200000.0, 0.0, 2633400000.0, 0.0, 1247400000.0, 0.0, 3603600000.0, 0.0, 6545000000.0, 0.0, 1694000000.0, 0.0, 1786400000.0, 0.0, 2002000000.0, 0.0, 723800000.0, 0.0, 1001000000.0, 0.0, 1848000000.0, 0.0, 0.0, 0.0, 0.0, 0.0, 0.0, 0.0, 0.0, 0.0, 0.0, 0.0, 15400000.0, 30800000.0, 61600000.0, 123200000.0, 246400000.0, 492800000.0, 985600000.0, 1971200000.0, 3942400000.0, 7884800000.0, 6668200000.0], [800800000.0, 0.0, -11169107318.0, 10000000.0, 249600000.0, 0.0, 566800000.0, 0.0, 374400000.0, 0.0, 332800000.0, 0.0, 665600000.0, 0.0, 26000000.0, 0.0, 41600000.0, 0.0, 889200000.0, 0.0, 421200000.0, 0.0, 1216800000.0, 0.0, 2210000000.0, 0.0, 572000000.0, 0.0, 603200000.0, 0.0, 676000000.0, 0.0, 244400000.0, 0.0, 338000000.0, 0.0, 624000000.0, 0.0, 5200000.0, 10400000.0, 20800000.0, 41600000.0, 83200000.0, 166400000.0, 332800000.0, 665600000.0, 1331200000.0, 2662400000.0, 395200000.0, 0.0, 0.0, 0.0, 0.0, 0.0, 0.0, 0.0, 0.0, 0.0, 0.0, 0.0], [0.0, 800800000.0, 10000000.0, -14881925867.0, 0.0, 249600000.0, 0.0, 566800000.0, 0.0, 374400000.0, 0.0, 332800000.0, 0.0, 665600000.0, 0.0, 26000000.0, 0.0, 41600000.0, 0.0, 889200000.0, 0.0, 421200000.0, 0.0, 1216800000.0, 0.0, 2210000000.0, 0.0, 572000000.0, 0.0, 603200000.0, 0.0, 676000000.0, 0.0, 244400000.0, 0.0, 338000000.0, 0.0, 624000000.0, 0.0, 0.0, 0.0, 0.0, 0.0, 0.0, 0.0, 0.0, 0.0, 0.0, 0.0, 5200000.0, 10400000.0, 20800000.0, 41600000.0, 83200000.0, 166400000.0, 332800000.0, 665600000.0, 1331200000.0, 2662400000.0, 2251600000.0], [739200000.0, 0.0, 249600000.0, 0.0, -10329914250.0, 10000000.0, 523200000.0, 0.0, 345600000.0, 0.0, 307200000.0, 0.0, 614400000.0, 0.0, 24000000.0, 0.0, 38400000.0, 0.0, 820800000.0, 0.0, 388800000.0, 0.0, 1123200000.0, 0.0, 2040000000.0, 0.0, 528000000.0, 0.0, 556800000.0, 0.0, 624000000.0, 0.0, 225600000.0, 0.0, 312000000.0, 0.0, 576000000.0, 0.0, 4800000.0, 9600000.0, 19200000.0, 38400000.0, 76800000.0, 153600000.0, 307200000.0, 614400000.0, 1228800000.0, 2457600000.0, 364800000.0, 0.0, 0.0, 0.0, 0.0, 0.0, 0.0, 0.0, 0.0, 0.0, 0.0, 0.0], [0.0, 739200000.0, 0.0, 249600000.0, 10000000.0, -13757131843.0, 0.0, 523200000.0, 0.0, 345600000.0, 0.0, 307200000.0, 0.0, 614400000.0, 0.0, 24000000.0, 0.0, 38400000.0, 0.0, 820800000.0, 0.0, 388800000.0, 0.0, 1123200000.0, 0.0, 2040000000.0, 0.0, 528000000.0, 0.0, 556800000.0, 0.0, 624000000.0, 0.0, 225600000.0, 0.0, 312000000.0, 0.0, 576000000.0, 0.0, 0.0, 0.0, 0.0, 0.0, 0.0, 0.0, 0.0, 0.0, 0.0, 0.0, 4800000.0, 9600000.0, 19200000.0, 38400000.0, 76800000.0, 153600000.0, 307200000.0, 614400000.0, 1228800000.0, 2457600000.0, 2078400000.0], [1678600000.0, 0.0, 566800000.0, 0.0, 523200000.0, 0.0, -22779893595.0, 10000000.0, 784800000.0, 0.0, 697600000.0, 0.0, 1395200000.0, 0.0, 54500000.0, 0.0, 87200000.0, 0.0, 1863900000.0, 0.0, 882900000.0, 0.0, 2550600000.0, 0.0, 4632500000.0, 0.0, 1199000000.0, 0.0, 1264400000.0, 0.0, 1417000000.0, 0.0, 512300000.0, 0.0, 708500000.0, 0.0, 1308000000.0, 0.0, 10900000.0, 21800000.0, 43600000.0, 87200000.0, 174400000.0, 348800000.0, 697600000.0, 1395200000.0, 2790400000.0, 5580800000.0, 828400000.0, 0.0, 0.0, 0.0, 0.0, 0.0, 0.0, 0.0, 0.0, 0.0, 0.0, 0.0], [0.0, 1678600000.0, 0.0, 566800000.0, 0.0, 523200000.0, 10000000.0, -30562547440.0, 0.0, 784800000.0, 0.0, 697600000.0, 0.0, 1395200000.0, 0.0, 54500000.0, 0.0, 87200000.0, 0.0, 1863900000.0, 0.0, 882900000.0, 0.0, 2550600000.0, 0.0, 4632500000.0, 0.0, 1199000000.0, 0.0, 1264400000.0, 0.0, 1417000000.0, 0.0, 512300000.0, 0.0, 708500000.0, 0.0, 1308000000.0, 0.0, 0.0, 0.0, 0.0, 0.0, 0.0, 0.0, 0.0, 0.0, 0.0, 0.0, 10900000.0, 21800000.0, 43600000.0, 87200000.0, 174400000.0, 348800000.0, 697600000.0, 1395200000.0, 2790400000.0, 5580800000.0, 4719700000.0], [1108800000.0, 0.0, 374400000.0, 0.0, 345600000.0, 0.0, 784800000.0, 0.0, -15317069733.0, 10000000.0, 460800000.0, 0.0, 921600000.0, 0.0, 36000000.0, 0.0, 57600000.0, 0.0, 1231200000.0, 0.0, 583200000.0, 0.0, 1684800000.0, 0.0, 3060000000.0, 0.0, 792000000.0, 0.0, 835200000.0, 0.0, 936000000.0, 0.0, 338400000.0, 0.0, 468000000.0, 0.0, 864000000.0, 0.0, 7200000.0, 14400000.0, 28800000.0, 57600000.0, 115200000.0, 230400000.0, 460800000.0, 921600000.0, 1843200000.0, 3686400000.0, 547200000.0, 0.0, 0.0, 0.0, 0.0, 0.0, 0.0, 0.0, 0.0, 0.0, 0.0, 0.0], [0.0, 1108800000.0, 0.0, 374400000.0, 0.0, 345600000.0, 0.0, 784800000.0, 10000000.0, -20457899326.0, 0.0, 460800000.0, 0.0, 921600000.0, 0.0, 36000000.0, 0.0, 57600000.0, 0.0, 1231200000.0, 0.0, 583200000.0, 0.0, 1684800000.0, 0.0, 3060000000.0, 0.0, 792000000.0, 0.0, 835200000.0, 0.0, 936000000.0, 0.0, 338400000.0, 0.0, 468000000.0, 0.0, 864000000.0, 0.0, 0.0, 0.0, 0.0, 0.0, 0.0, 0.0, 0.0, 0.0, 0.0, 0.0, 7200000.0, 14400000.0, 28800000.0, 57600000.0, 115200000.0, 230400000.0, 460800000.0, 921600000.0, 1843200000.0, 3686400000.0, 3117600000.0], [985600000.0, 0.0, 332800000.0, 0.0, 307200000.0, 0.0, 697600000.0, 0.0, 460800000.0, 0.0, -13667483091.0, 10000000.0, 819200000.0, 0.0, 32000000.0, 0.0, 51200000.0, 0.0, 1094400000.0, 0.0, 518400000.0, 0.0, 1497600000.0, 0.0, 2720000000.0, 0.0, 704000000.0, 0.0, 742400000.0, 0.0, 832000000.0, 0.0, 300800000.0, 0.0, 416000000.0, 0.0, 768000000.0, 0.0, 6400000.0, 12800000.0, 25600000.0, 51200000.0, 102400000.0, 204800000.0, 409600000.0, 819200000.0, 1638400000.0, 3276800000.0, 486400000.0, 0.0, 0.0, 0.0, 0.0, 0.0, 0.0, 0.0, 0.0, 0.0, 0.0, 0.0], [0.0, 985600000.0, 0.0, 332800000.0, 0.0, 307200000.0, 0.0, 697600000.0, 0.0, 460800000.0, 10000000.0, -18237110158.0, 0.0, 819200000.0, 0.0, 32000000.0, 0.0, 51200000.0, 0.0, 1094400000.0, 0.0, 518400000.0, 0.0, 1497600000.0, 0.0, 2720000000.0, 0.0, 704000000.0, 0.0, 742400000.0, 0.0, 832000000.0, 0.0, 300800000.0, 0.0, 416000000.0, 0.0, 768000000.0, 0.0, 0.0, 0.0, 0.0, 0.0, 0.0, 0.0, 0.0, 0.0, 0.0, 0.0, 6400000.0, 12800000.0, 25600000.0, 51200000.0, 102400000.0, 204800000.0, 409600000.0, 819200000.0, 1638400000.0, 3276800000.0, 2771200000.0], [1971200000.0, 0.0, 665600000.0, 0.0, 614400000.0, 0.0, 1395200000.0, 0.0, 921600000.0, 0.0, 819200000.0, 0.0, -26504534457.0, 10000000.0, 64000000.0, 0.0, 102400000.0, 0.0, 2188800000.0, 0.0, 1036800000.0, 0.0, 2995200000.0, 0.0, 5440000000.0, 0.0, 1408000000.0, 0.0, 1484800000.0, 0.0, 1664000000.0, 0.0, 601600000.0, 0.0, 832000000.0, 0.0, 1536000000.0, 0.0, 12800000.0, 25600000.0, 51200000.0, 102400000.0, 204800000.0, 409600000.0, 819200000.0, 1638400000.0, 3276800000.0, 6553600000.0, 972800000.0, 0.0, 0.0, 0.0, 0.0, 0.0, 0.0, 0.0, 0.0, 0.0, 0.0, 0.0], [0.0, 1971200000.0, 0.0, 665600000.0, 0.0, 614400000.0, 0.0, 1395200000.0, 0.0, 921600000.0, 0.0, 819200000.0, 10000000.0, -35643797144.0, 0.0, 64000000.0, 0.0, 102400000.0, 0.0, 2188800000.0, 0.0, 1036800000.0, 0.0, 2995200000.0, 0.0, 5440000000.0, 0.0, 1408000000.0, 0.0, 1484800000.0, 0.0, 1664000000.0, 0.0, 601600000.0, 0.0, 832000000.0, 0.0, 1536000000.0, 0.0, 0.0, 0.0, 0.0, 0.0, 0.0, 0.0, 0.0, 0.0, 0.0, 0.0, 12800000.0, 25600000.0, 51200000.0, 102400000.0, 204800000.0, 409600000.0, 819200000.0, 1638400000.0, 3276800000.0, 6553600000.0, 5542400000.0], [77000000.0, 0.0, 26000000.0, 0.0, 24000000.0, 0.0, 54500000.0, 0.0, 36000000.0, 0.0, 32000000.0, 0.0, 64000000.0, 0.0, -1106488125.0, 10000000.0, 4000000.0, 0.0, 85500000.0, 0.0, 40500000.0, 0.0, 117000000.0, 0.0, 212500000.0, 0.0, 55000000.0, 0.0, 58000000.0, 0.0, 65000000.0, 0.0, 23500000.0, 0.0, 32500000.0, 0.0, 60000000.0, 0.0, 500000.0, 1000000.0, 2000000.0, 4000000.0, 8000000.0, 16000000.0, 32000000.0, 64000000.0, 128000000.0, 256000000.0, 38000000.0, 0.0, 0.0, 0.0, 0.0, 0.0, 0.0, 0.0, 0.0, 0.0, 0.0, 0.0], [0.0, 77000000.0, 0.0, 26000000.0, 0.0, 24000000.0, 0.0, 54500000.0, 0.0, 36000000.0, 0.0, 32000000.0, 0.0, 64000000.0, 10000000.0, -1463490508.0, 0.0, 4000000.0, 0.0, 85500000.0, 0.0, 40500000.0, 0.0, 117000000.0, 0.0, 212500000.0, 0.0, 55000000.0, 0.0, 58000000.0, 0.0, 65000000.0, 0.0, 23500000.0, 0.0, 32500000.0, 0.0, 60000000.0, 0.0, 0.0, 0.0, 0.0, 0.0, 0.0, 0.0, 0.0, 0.0, 0.0, 0.0, 500000.0, 1000000.0, 2000000.0, 4000000.0, 8000000.0, 16000000.0, 32000000.0, 64000000.0, 128000000.0, 256000000.0, 216500000.0], [123200000.0, 0.0, 41600000.0, 0.0, 38400000.0, 0.0, 87200000.0, 0.0, 57600000.0, 0.0, 51200000.0, 0.0, 102400000.0, 0.0, 4000000.0, 0.0, -1761985673.0, 10000000.0, 136800000.0, 0.0, 64800000.0, 0.0, 187200000.0, 0.0, 340000000.0, 0.0, 88000000.0, 0.0, 92800000.0, 0.0, 104000000.0, 0.0, 37600000.0, 0.0, 52000000.0, 0.0, 96000000.0, 0.0, 800000.0, 1600000.0, 3200000.0, 6400000.0, 12800000.0, 25600000.0, 51200000.0, 102400000.0, 204800000.0, 409600000.0, 60800000.0, 0.0, 0.0, 0.0, 0.0, 0.0, 0.0, 0.0, 0.0, 0.0, 0.0, 0.0], [0.0, 123200000.0, 0.0, 41600000.0, 0.0, 38400000.0, 0.0, 87200000.0, 0.0, 57600000.0, 0.0, 51200000.0, 0.0, 102400000.0, 0.0, 4000000.0, 10000000.0, -2333188778.0, 0.0, 136800000.0, 0.0, 64800000.0, 0.0, 187200000.0, 0.0, 340000000.0, 0.0, 88000000.0, 0.0, 92800000.0, 0.0, 104000000.0, 0.0, 37600000.0, 0.0, 52000000.0, 0.0, 96000000.0, 0.0, 0.0, 0.0, 0.0, 0.0, 0.0, 0.0, 0.0, 0.0, 0.0, 0.0, 800000.0, 1600000.0, 3200000.0, 6400000.0, 12800000.0, 25600000.0, 51200000.0, 102400000.0, 204800000.0, 409600000.0, 346400000.0], [2633400000.0, 0.0, 889200000.0, 0.0, 820800000.0, 0.0, 1863900000.0, 0.0, 1231200000.0, 0.0, 1094400000.0, 0.0, 2188800000.0, 0.0, 85500000.0, 0.0, 136800000.0, 0.0, -34671379630.0, 10000000.0, 1385100000.0, 0.0, 4001400000.0, 0.0, 7267500000.0, 0.0, 1881000000.0, 0.0, 1983600000.0, 0.0, 2223000000.0, 0.0, 803700000.0, 0.0, 1111500000.0, 0.0, 2052000000.0, 0.0, 17100000.0, 34200000.0, 68400000.0, 136800000.0, 273600000.0, 547200000.0, 1094400000.0, 2188800000.0, 4377600000.0, 8755200000.0, 1299600000.0, 0.0, 0.0, 0.0, 0.0, 0.0, 0.0, 0.0, 0.0, 0.0, 0.0, 0.0], [0.0, 2633400000.0, 0.0, 889200000.0, 0.0, 820800000.0, 0.0, 1863900000.0, 0.0, 1231200000.0, 0.0, 1094400000.0, 0.0, 2188800000.0, 0.0, 85500000.0, 0.0, 136800000.0, 10000000.0, -46880846690.0, 0.0, 1385100000.0, 0.0, 4001400000.0, 0.0, 7267500000.0, 0.0, 1881000000.0, 0.0, 1983600000.0, 0.0, 2223000000.0, 0.0, 803700000.0, 0.0, 1111500000.0, 0.0, 2052000000.0, 0.0, 0.0, 0.0, 0.0, 0.0, 0.0, 0.0, 0.0, 0.0, 0.0, 0.0, 17100000.0, 34200000.0, 68400000.0, 136800000.0, 273600000.0, 547200000.0, 1094400000.0, 2188800000.0, 4377600000.0, 8755200000.0, 7404300000.0], [1247400000.0, 0.0, 421200000.0, 0.0, 388800000.0, 0.0, 882900000.0, 0.0, 583200000.0, 0.0, 518400000.0, 0.0, 1036800000.0, 0.0, 40500000.0, 0.0, 64800000.0, 0.0, 1385100000.0, 0.0, -17157551234.0, 10000000.0, 1895400000.0, 0.0, 3442500000.0, 0.0, 891000000.0, 0.0, 939600000.0, 0.0, 1053000000.0, 0.0, 380700000.0, 0.0, 526500000.0, 0.0, 972000000.0, 0.0, 8100000.0, 16200000.0, 32400000.0, 64800000.0, 129600000.0, 259200000.0, 518400000.0, 1036800000.0, 2073600000.0, 4147200000.0, 615600000.0, 0.0, 0.0, 0.0, 0.0, 0.0, 0.0, 0.0, 0.0, 0.0, 0.0, 0.0], [0.0, 1247400000.0, 0.0, 421200000.0, 0.0, 388800000.0, 0.0, 882900000.0, 0.0, 583200000.0, 0.0, 518400000.0, 0.0, 1036800000.0, 0.0, 40500000.0, 0.0, 64800000.0, 0.0, 1385100000.0, 10000000.0, -22940982937.0, 0.0, 1895400000.0, 0.0, 3442500000.0, 0.0, 891000000.0, 0.0, 939600000.0, 0.0, 1053000000.0, 0.0, 380700000.0, 0.0, 526500000.0, 0.0, 972000000.0, 0.0, 0.0, 0.0, 0.0, 0.0, 0.0, 0.0, 0.0, 0.0, 0.0, 0.0, 8100000.0, 16200000.0, 32400000.0, 64800000.0, 129600000.0, 259200000.0, 518400000.0, 1036800000.0, 2073600000.0, 4147200000.0, 3507300000.0], [3603600000.0, 0.0, 1216800000.0, 0.0, 1123200000.0, 0.0, 2550600000.0, 0.0, 1684800000.0, 0.0, 1497600000.0, 0.0, 2995200000.0, 0.0, 117000000.0, 0.0, 187200000.0, 0.0, 4001400000.0, 0.0, 1895400000.0, 0.0, -45966863254.0, 10000000.0, 9945000000.0, 0.0, 2574000000.0, 0.0, 2714400000.0, 0.0, 3042000000.0, 0.0, 1099800000.0, 0.0, 1521000000.0, 0.0, 2808000000.0, 0.0, 23400000.0, 46800000.0, 93600000.0, 187200000.0, 374400000.0, 748800000.0, 1497600000.0, 2995200000.0, 5990400000.0, 11980800000.0, 1778400000.0, 0.0, 0.0, 0.0, 0.0, 0.0, 0.0, 0.0, 0.0, 0.0, 0.0, 0.0], [0.0, 3603600000.0, 0.0, 1216800000.0, 0.0, 1123200000.0, 0.0, 2550600000.0, 0.0, 1684800000.0, 0.0, 1497600000.0, 0.0, 2995200000.0, 0.0, 117000000.0, 0.0, 187200000.0, 0.0, 4001400000.0, 0.0, 1895400000.0, 10000000.0, -62674557243.0, 0.0, 9945000000.0, 0.0, 2574000000.0, 0.0, 2714400000.0, 0.0, 3042000000.0, 0.0, 1099800000.0, 0.0, 1521000000.0, 0.0, 2808000000.0, 0.0, 0.0, 0.0, 0.0, 0.0, 0.0, 0.0, 0.0, 0.0, 0.0, 0.0, 23400000.0, 46800000.0, 93600000.0, 187200000.0, 374400000.0, 748800000.0, 1497600000.0, 2995200000.0, 5990400000.0, 11980800000.0, 10132200000.0], [6545000000.0, 0.0, 2210000000.0, 0.0, 2040000000.0, 0.0, 4632500000.0, 0.0, 3060000000.0, 0.0, 2720000000.0, 0.0, 5440000000.0, 0.0, 212500000.0, 0.0, 340000000.0, 0.0, 7267500000.0, 0.0, 3442500000.0, 0.0, 9945000000.0, 0.0, -75360496438.0, 10000000.0, 4675000000.0, 0.0, 4930000000.0, 0.0, 5525000000.0, 0.0, 1997500000.0, 0.0, 2762500000.0, 0.0, 5100000000.0, 0.0, 42500000.0, 85000000.0, 170000000.0, 340000000.0, 680000000.0, 1360000000.0, 2720000000.0, 5440000000.0, 10880000000.0, 21760000000.0, 3230000000.0, 0.0, 0.0, 0.0, 0.0, 0.0, 0.0, 0.0, 0.0, 0.0, 0.0, 0.0], [0.0, 6545000000.0, 0.0, 2210000000.0, 0.0, 2040000000.0, 0.0, 4632500000.0, 0.0, 3060000000.0, 0.0, 2720000000.0, 0.0, 5440000000.0, 0.0, 212500000.0, 0.0, 340000000.0, 0.0, 7267500000.0, 0.0, 3442500000.0, 0.0, 9945000000.0, 10000000.0, -105705664776.0, 0.0, 4675000000.0, 0.0, 4930000000.0, 0.0, 5525000000.0, 0.0, 1997500000.0, 0.0, 2762500000.0, 0.0, 5100000000.0, 0.0, 0.0, 0.0, 0.0, 0.0, 0.0, 0.0, 0.0, 0.0, 0.0, 0.0, 42500000.0, 85000000.0, 170000000.0, 340000000.0, 680000000.0, 1360000000.0, 2720000000.0, 5440000000.0, 10880000000.0, 21760000000.0, 18402500000.0], [1694000000.0, 0.0, 572000000.0, 0.0, 528000000.0, 0.0, 1199000000.0, 0.0, 792000000.0, 0.0, 704000000.0, 0.0, 1408000000.0, 0.0, 55000000.0, 0.0, 88000000.0, 0.0, 1881000000.0, 0.0, 891000000.0, 0.0, 2574000000.0, 0.0, 4675000000.0, 0.0, -22977796054.0, 10000000.0, 1276000000.0, 0.0, 1430000000.0, 0.0, 517000000.0, 0.0, 715000000.0, 0.0, 1320000000.0, 0.0, 11000000.0, 22000000.0, 44000000.0, 88000000.0, 176000000.0, 352000000.0, 704000000.0, 1408000000.0, 2816000000.0, 5632000000.0, 836000000.0, 0.0, 0.0, 0.0, 0.0, 0.0, 0.0, 0.0, 0.0, 0.0, 0.0, 0.0], [0.0, 1694000000.0, 0.0, 572000000.0, 0.0, 528000000.0, 0.0, 1199000000.0, 0.0, 792000000.0, 0.0, 704000000.0, 0.0, 1408000000.0, 0.0, 55000000.0, 0.0, 88000000.0, 0.0, 1881000000.0, 0.0, 891000000.0, 0.0, 2574000000.0, 0.0, 4675000000.0, 10000000.0, -30831839427.0, 0.0, 1276000000.0, 0.0, 1430000000.0, 0.0, 517000000.0, 0.0, 715000000.0, 0.0, 1320000000.0, 0.0, 0.0, 0.0, 0.0, 0.0, 0.0, 0.0, 0.0, 0.0, 0.0, 0.0, 11000000.0, 22000000.0, 44000000.0, 88000000.0, 176000000.0, 352000000.0, 704000000.0, 1408000000.0, 2816000000.0, 5632000000.0, 4763000000.0], [1786400000.0, 0.0, 603200000.0, 0.0, 556800000.0, 0.0, 1264400000.0, 0.0, 835200000.0, 0.0, 742400000.0, 0.0, 1484800000.0, 0.0, 58000000.0, 0.0, 92800000.0, 0.0, 1983600000.0, 0.0, 939600000.0, 0.0, 2714400000.0, 0.0, 4930000000.0, 0.0, 1276000000.0, 0.0, -24160988394.0, 10000000.0, 1508000000.0, 0.0, 545200000.0, 0.0, 754000000.0, 0.0, 1392000000.0, 0.0, 11600000.0, 23200000.0, 46400000.0, 92800000.0, 185600000.0, 371200000.0, 742400000.0, 1484800000.0, 2969600000.0, 5939200000.0, 881600000.0, 0.0, 0.0, 0.0, 0.0, 0.0, 0.0, 0.0, 0.0, 0.0, 0.0, 0.0], [0.0, 1786400000.0, 0.0, 603200000.0, 0.0, 556800000.0, 0.0, 1264400000.0, 0.0, 835200000.0, 0.0, 742400000.0, 0.0, 1484800000.0, 0.0, 58000000.0, 0.0, 92800000.0, 0.0, 1983600000.0, 0.0, 939600000.0, 0.0, 2714400000.0, 0.0, 4930000000.0, 0.0, 1276000000.0, 10000000.0, -32443434374.0, 0.0, 1508000000.0, 0.0, 545200000.0, 0.0, 754000000.0, 0.0, 1392000000.0, 0.0, 0.0, 0.0, 0.0, 0.0, 0.0, 0.0, 0.0, 0.0, 0.0, 0.0, 11600000.0, 23200000.0, 46400000.0, 92800000.0, 185600000.0, 371200000.0, 742400000.0, 1484800000.0, 2969600000.0, 5939200000.0, 5022800000.0], [2002000000.0, 0.0, 676000000.0, 0.0, 624000000.0, 0.0, 1417000000.0, 0.0, 936000000.0, 0.0, 832000000.0, 0.0, 1664000000.0, 0.0, 65000000.0, 0.0, 104000000.0, 0.0, 2223000000.0, 0.0, 1053000000.0, 0.0, 3042000000.0, 0.0, 5525000000.0, 0.0, 1430000000.0, 0.0, 1508000000.0, 0.0, -26893747145.0, 10000000.0, 611000000.0, 0.0, 845000000.0, 0.0, 1560000000.0, 0.0, 13000000.0, 26000000.0, 52000000.0, 104000000.0, 208000000.0, 416000000.0, 832000000.0, 1664000000.0, 3328000000.0, 6656000000.0, 988000000.0, 0.0, 0.0, 0.0, 0.0, 0.0, 0.0, 0.0, 0.0, 0.0, 0.0, 0.0], [0.0, 2002000000.0, 0.0, 676000000.0, 0.0, 624000000.0, 0.0, 1417000000.0, 0.0, 936000000.0, 0.0, 832000000.0, 0.0, 1664000000.0, 0.0, 65000000.0, 0.0, 104000000.0, 0.0, 2223000000.0, 0.0, 1053000000.0, 0.0, 3042000000.0, 0.0, 5525000000.0, 0.0, 1430000000.0, 0.0, 1508000000.0, 10000000.0, -36175795863.0, 0.0, 611000000.0, 0.0, 845000000.0, 0.0, 1560000000.0, 0.0, 0.0, 0.0, 0.0, 0.0, 0.0, 0.0, 0.0, 0.0, 0.0, 0.0, 13000000.0, 26000000.0, 52000000.0, 104000000.0, 208000000.0, 416000000.0, 832000000.0, 1664000000.0, 3328000000.0, 6656000000.0, 5629000000.0], [723800000.0, 0.0, 244400000.0, 0.0, 225600000.0, 0.0, 512300000.0, 0.0, 338400000.0, 0.0, 300800000.0, 0.0, 601600000.0, 0.0, 23500000.0, 0.0, 37600000.0, 0.0, 803700000.0, 0.0, 380700000.0, 0.0, 1099800000.0, 0.0, 1997500000.0, 0.0, 517000000.0, 0.0, 545200000.0, 0.0, 611000000.0, 0.0, -10119616277.0, 10000000.0, 305500000.0, 0.0, 564000000.0, 0.0, 4700000.0, 9400000.0, 18800000.0, 37600000.0, 75200000.0, 150400000.0, 300800000.0, 601600000.0, 1203200000.0, 2406400000.0, 357200000.0, 0.0, 0.0, 0.0, 0.0, 0.0, 0.0, 0.0, 0.0, 0.0, 0.0, 0.0], [0.0, 723800000.0, 0.0, 244400000.0, 0.0, 225600000.0, 0.0, 512300000.0, 0.0, 338400000.0, 0.0, 300800000.0, 0.0, 601600000.0, 0.0, 23500000.0, 0.0, 37600000.0, 0.0, 803700000.0, 0.0, 380700000.0, 0.0, 1099800000.0, 0.0, 1997500000.0, 0.0, 517000000.0, 0.0, 545200000.0, 0.0, 611000000.0, 10000000.0, -13475434010.0, 0.0, 305500000.0, 0.0, 564000000.0, 0.0, 0.0, 0.0, 0.0, 0.0, 0.0, 0.0, 0.0, 0.0, 0.0, 0.0, 4700000.0, 9400000.0, 18800000.0, 37600000.0, 75200000.0, 150400000.0, 300800000.0, 601600000.0, 1203200000.0, 2406400000.0, 2035100000.0], [1001000000.0, 0.0, 338000000.0, 0.0, 312000000.0, 0.0, 708500000.0, 0.0, 468000000.0, 0.0, 416000000.0, 0.0, 832000000.0, 0.0, 32500000.0, 0.0, 52000000.0, 0.0, 1111500000.0, 0.0, 526500000.0, 0.0, 1521000000.0, 0.0, 2762500000.0, 0.0, 715000000.0, 0.0, 754000000.0, 0.0, 845000000.0, 0.0, 305500000.0, 0.0, -13874383502.0, 10000000.0, 780000000.0, 0.0, 6500000.0, 13000000.0, 26000000.0, 52000000.0, 104000000.0, 208000000.0, 416000000.0, 832000000.0, 1664000000.0, 3328000000.0, 494000000.0, 0.0, 0.0, 0.0, 0.0, 0.0, 0.0, 0.0, 0.0, 0.0, 0.0, 0.0], [0.0, 1001000000.0, 0.0, 338000000.0, 0.0, 312000000.0, 0.0, 708500000.0, 0.0, 468000000.0, 0.0, 416000000.0, 0.0, 832000000.0, 0.0, 32500000.0, 0.0, 52000000.0, 0.0, 1111500000.0, 0.0, 526500000.0, 0.0, 1521000000.0, 0.0, 2762500000.0, 0.0, 715000000.0, 0.0, 754000000.0, 0.0, 845000000.0, 0.0, 305500000.0, 10000000.0, -18515394705.0, 0.0, 780000000.0, 0.0, 0.0, 0.0, 0.0, 0.0, 0.0, 0.0, 0.0, 0.0, 0.0, 0.0, 6500000.0, 13000000.0, 26000000.0, 52000000.0, 104000000.0, 208000000.0, 416000000.0, 832000000.0, 1664000000.0, 3328000000.0, 2814500000.0], [1848000000.0, 0.0, 624000000.0, 0.0, 576000000.0, 0.0, 1308000000.0, 0.0, 864000000.0, 0.0, 768000000.0, 0.0, 1536000000.0, 0.0, 60000000.0, 0.0, 96000000.0, 0.0, 2052000000.0, 0.0, 972000000.0, 0.0, 2808000000.0, 0.0, 5100000000.0, 0.0, 1320000000.0, 0.0, 1392000000.0, 0.0, 1560000000.0, 0.0, 564000000.0, 0.0, 780000000.0, 0.0, -24945783681.0, 10000000.0, 12000000.0, 24000000.0, 48000000.0, 96000000.0, 192000000.0, 384000000.0, 768000000.0, 1536000000.0, 3072000000.0, 6144000000.0, 912000000.0, 0.0, 0.0, 0.0, 0.0, 0.0, 0.0, 0.0, 0.0, 0.0, 0.0, 0.0], [0.0, 1848000000.0, 0.0, 624000000.0, 0.0, 576000000.0, 0.0, 1308000000.0, 0.0, 864000000.0, 0.0, 768000000.0, 0.0, 1536000000.0, 0.0, 60000000.0, 0.0, 96000000.0, 0.0, 2052000000.0, 0.0, 972000000.0, 0.0, 2808000000.0, 0.0, 5100000000.0, 0.0, 1320000000.0, 0.0, 1392000000.0, 0.0, 1560000000.0, 0.0, 564000000.0, 0.0, 780000000.0, 10000000.0, -33513436453.0, 0.0, 0.0, 0.0, 0.0, 0.0, 0.0, 0.0, 0.0, 0.0, 0.0, 0.0, 12000000.0, 24000000.0, 48000000.0, 96000000.0, 192000000.0, 384000000.0, 768000000.0, 1536000000.0, 3072000000.0, 6144000000.0, 5196000000.0], [15400000.0, 0.0, 5200000.0, 0.0, 4800000.0, 0.0, 10900000.0, 0.0, 7200000.0, 0.0, 6400000.0, 0.0, 12800000.0, 0.0, 500000.0, 0.0, 800000.0, 0.0, 17100000.0, 0.0, 8100000.0, 0.0, 23400000.0, 0.0, 42500000.0, 0.0, 11000000.0, 0.0, 11600000.0, 0.0, 13000000.0, 0.0, 4700000.0, 0.0, 6500000.0, 0.0, 12000000.0, 0.0, -219700000.0, 200000.0, 400000.0, 800000.0, 1600000.0, 3200000.0, 6400000.0, 12800000.0, 25600000.0, 51200000.0, 7600000.0, 0.0, 0.0, 0.0, 0.0, 0.0, 0.0, 0.0, 0.0, 0.0, 0.0, 0.0], [30800000.0, 0.0, 10400000.0, 0.0, 9600000.0, 0.0, 21800000.0, 0.0, 14400000.0, 0.0, 12800000.0, 0.0, 25600000.0, 0.0, 1000000.0, 0.0, 1600000.0, 0.0, 34200000.0, 0.0, 16200000.0, 0.0, 46800000.0, 0.0, 85000000.0, 0.0, 22000000.0, 0.0, 23200000.0, 0.0, 26000000.0, 0.0, 9400000.0, 0.0, 13000000.0, 0.0, 24000000.0, 0.0, 200000.0, -439200000.0, 800000.0, 1600000.0, 3200000.0, 6400000.0, 12800000.0, 25600000.0, 51200000.0, 102400000.0, 15200000.0, 0.0, 0.0, 0.0, 0.0, 0.0, 0.0, 0.0, 0.0, 0.0, 0.0, 0.0], [61600000.0, 0.0, 20800000.0, 0.0, 19200000.0, 0.0, 43600000.0, 0.0, 28800000.0, 0.0, 25600000.0, 0.0, 51200000.0, 0.0, 2000000.0, 0.0, 3200000.0, 0.0, 68400000.0, 0.0, 32400000.0, 0.0, 93600000.0, 0.0, 170000000.0, 0.0, 44000000.0, 0.0, 46400000.0, 0.0, 52000000.0, 0.0, 18800000.0, 0.0, 26000000.0, 0.0, 48000000.0, 0.0, 400000.0, 800000.0, -877600000.0, 3200000.0, 6400000.0, 12800000.0, 25600000.0, 51200000.0, 102400000.0, 204800000.0, 30400000.0, 0.0, 0.0, 0.0, 0.0, 0.0, 0.0, 0.0, 0.0, 0.0, 0.0, 0.0], [123200000.0, 0.0, 41600000.0, 0.0, 38400000.0, 0.0, 87200000.0, 0.0, 57600000.0, 0.0, 51200000.0, 0.0, 102400000.0, 0.0, 4000000.0, 0.0, 6400000.0, 0.0, 136800000.0, 0.0, 64800000.0, 0.0, 187200000.0, 0.0, 340000000.0, 0.0, 88000000.0, 0.0, 92800000.0, 0.0, 104000000.0, 0.0, 37600000.0, 0.0, 52000000.0, 0.0, 96000000.0, 0.0, 800000.0, 1600000.0, 3200000.0, -1752000000.0, 12800000.0, 25600000.0, 51200000.0, 102400000.0, 204800000.0, 409600000.0, 60800000.0, 0.0, 0.0, 0.0, 0.0, 0.0, 0.0, 0.0, 0.0, 0.0, 0.0, 0.0], [246400000.0, 0.0, 83200000.0, 0.0, 76800000.0, 0.0, 174400000.0, 0.0, 115200000.0, 0.0, 102400000.0, 0.0, 204800000.0, 0.0, 8000000.0, 0.0, 12800000.0, 0.0, 273600000.0, 0.0, 129600000.0, 0.0, 374400000.0, 0.0, 680000000.0, 0.0, 176000000.0, 0.0, 185600000.0, 0.0, 208000000.0, 0.0, 75200000.0, 0.0, 104000000.0, 0.0, 192000000.0, 0.0, 1600000.0, 3200000.0, 6400000.0, 12800000.0, -3491200000.0, 51200000.0, 102400000.0, 204800000.0, 409600000.0, 819200000.0, 121600000.0, 0.0, 0.0, 0.0, 0.0, 0.0, 0.0, 0.0, 0.0, 0.0, 0.0, 0.0], [492800000.0, 0.0, 166400000.0, 0.0, 153600000.0, 0.0, 348800000.0, 0.0, 230400000.0, 0.0, 204800000.0, 0.0, 409600000.0, 0.0, 16000000.0, 0.0, 25600000.0, 0.0, 547200000.0, 0.0, 259200000.0, 0.0, 748800000.0, 0.0, 1360000000.0, 0.0, 352000000.0, 0.0, 371200000.0, 0.0, 416000000.0, 0.0, 150400000.0, 0.0, 208000000.0, 0.0, 384000000.0, 0.0, 3200000.0, 6400000.0, 12800000.0, 25600000.0, 51200000.0, -6931200000.0, 204800000.0, 409600000.0, 819200000.0, 1638400000.0, 243200000.0, 0.0, 0.0, 0.0, 0.0, 0.0, 0.0, 0.0, 0.0, 0.0, 0.0, 0.0], [985600000.0, 0.0, 332800000.0, 0.0, 307200000.0, 0.0, 697600000.0, 0.0, 460800000.0, 0.0, 409600000.0, 0.0, 819200000.0, 0.0, 32000000.0, 0.0, 51200000.0, 0.0, 1094400000.0, 0.0, 518400000.0, 0.0, 1497600000.0, 0.0, 2720000000.0, 0.0, 704000000.0, 0.0, 742400000.0, 0.0, 832000000.0, 0.0, 300800000.0, 0.0, 416000000.0, 0.0, 768000000.0, 0.0, 6400000.0, 12800000.0, 25600000.0, 51200000.0, 102400000.0, 204800000.0, -13657600000.0, 819200000.0, 1638400000.0, 3276800000.0, 486400000.0, 0.0, 0.0, 0.0, 0.0, 0.0, 0.0, 0.0, 0.0, 0.0, 0.0, 0.0], [1971200000.0, 0.0, 665600000.0, 0.0, 614400000.0, 0.0, 1395200000.0, 0.0, 921600000.0, 0.0, 819200000.0, 0.0, 1638400000.0, 0.0, 64000000.0, 0.0, 102400000.0, 0.0, 2188800000.0, 0.0, 1036800000.0, 0.0, 2995200000.0, 0.0, 5440000000.0, 0.0, 1408000000.0, 0.0, 1484800000.0, 0.0, 1664000000.0, 0.0, 601600000.0, 0.0, 832000000.0, 0.0, 1536000000.0, 0.0, 12800000.0, 25600000.0, 51200000.0, 102400000.0, 204800000.0, 409600000.0, 819200000.0, -26496000000.0, 3276800000.0, 6553600000.0, 972800000.0, 0.0, 0.0, 0.0, 0.0, 0.0, 0.0, 0.0, 0.0, 0.0, 0.0, 0.0], [3942400000.0, 0.0, 1331200000.0, 0.0, 1228800000.0, 0.0, 2790400000.0, 0.0, 1843200000.0, 0.0, 1638400000.0, 0.0, 3276800000.0, 0.0, 128000000.0, 0.0, 204800000.0, 0.0, 4377600000.0, 0.0, 2073600000.0, 0.0, 5990400000.0, 0.0, 10880000000.0, 0.0, 2816000000.0, 0.0, 2969600000.0, 0.0, 3328000000.0, 0.0, 1203200000.0, 0.0, 1664000000.0, 0.0, 3072000000.0, 0.0, 25600000.0, 51200000.0, 102400000.0, 204800000.0, 409600000.0, 819200000.0, 1638400000.0, 3276800000.0, -49715200000.0, 13107200000.0, 1945600000.0, 0.0, 0.0, 0.0, 0.0, 0.0, 0.0, 0.0, 0.0, 0.0, 0.0, 0.0], [7884800000.0, 0.0, 2662400000.0, 0.0, 2457600000.0, 0.0, 5580800000.0, 0.0, 3686400000.0, 0.0, 3276800000.0, 0.0, 6553600000.0, 0.0, 256000000.0, 0.0, 409600000.0, 0.0, 8755200000.0, 0.0, 4147200000.0, 0.0, 11980800000.0, 0.0, 21760000000.0, 0.0, 5632000000.0, 0.0, 5939200000.0, 0.0, 6656000000.0, 0.0, 2406400000.0, 0.0, 3328000000.0, 0.0, 6144000000.0, 0.0, 51200000.0, 102400000.0, 204800000.0, 409600000.0, 819200000.0, 1638400000.0, 3276800000.0, 6553600000.0, 13107200000.0, -86323200000.0, 3891200000.0, 0.0, 0.0, 0.0, 0.0, 0.0, 0.0, 0.0, 0.0, 0.0, 0.0, 0.0], [1170400000.0, 0.0, 395200000.0, 0.0, 364800000.0, 0.0, 828400000.0, 0.0, 547200000.0, 0.0, 486400000.0, 0.0, 972800000.0, 0.0, 38000000.0, 0.0, 60800000.0, 0.0, 1299600000.0, 0.0, 615600000.0, 0.0, 1778400000.0, 0.0, 3230000000.0, 0.0, 836000000.0, 0.0, 881600000.0, 0.0, 988000000.0, 0.0, 357200000.0, 0.0, 494000000.0, 0.0, 912000000.0, 0.0, 7600000.0, 15200000.0, 30400000.0, 60800000.0, 121600000.0, 243200000.0, 486400000.0, 972800000.0, 1945600000.0, 3891200000.0, -16127200000.0, 0.0, 0.0, 0.0, 0.0, 0.0, 0.0, 0.0, 0.0, 0.0, 0.0, 0.0], [0.0, 15400000.0, 0.0, 5200000.0, 0.0, 4800000.0, 0.0, 10900000.0, 0.0, 7200000.0, 0.0, 6400000.0, 0.0, 12800000.0, 0.0, 500000.0, 0.0, 800000.0, 0.0, 17100000.0, 0.0, 8100000.0, 0.0, 23400000.0, 0.0, 42500000.0, 0.0, 11000000.0, 0.0, 11600000.0, 0.0, 13000000.0, 0.0, 4700000.0, 0.0, 6500000.0, 0.0, 12000000.0, 0.0, 0.0, 0.0, 0.0, 0.0, 0.0, 0.0, 0.0, 0.0, 0.0, 0.0, -291100000.0, 200000.0, 400000.0, 800000.0, 1600000.0, 3200000.0, 6400000.0, 12800000.0, 25600000.0, 51200000.0, 43300000.0], [0.0, 30800000.0, 0.0, 10400000.0, 0.0, 9600000.0, 0.0, 21800000.0, 0.0, 14400000.0, 0.0, 12800000.0, 0.0, 25600000.0, 0.0, 1000000.0, 0.0, 1600000.0, 0.0, 34200000.0, 0.0, 16200000.0, 0.0, 46800000.0, 0.0, 85000000.0, 0.0, 22000000.0, 0.0, 23200000.0, 0.0, 26000000.0, 0.0, 9400000.0, 0.0, 13000000.0, 0.0, 24000000.0, 0.0, 0.0, 0.0, 0.0, 0.0, 0.0, 0.0, 0.0, 0.0, 0.0, 0.0, 200000.0, -582000000.0, 800000.0, 1600000.0, 3200000.0, 6400000.0, 12800000.0, 25600000.0, 51200000.0, 102400000.0, 86600000.0], [0.0, 61600000.0, 0.0, 20800000.0, 0.0, 19200000.0, 0.0, 43600000.0, 0.0, 28800000.0, 0.0, 25600000.0, 0.0, 51200000.0, 0.0, 2000000.0, 0.0, 3200000.0, 0.0, 68400000.0, 0.0, 32400000.0, 0.0, 93600000.0, 0.0, 170000000.0, 0.0, 44000000.0, 0.0, 46400000.0, 0.0, 52000000.0, 0.0, 18800000.0, 0.0, 26000000.0, 0.0, 48000000.0, 0.0, 0.0, 0.0, 0.0, 0.0, 0.0, 0.0, 0.0, 0.0, 0.0, 0.0, 400000.0, 800000.0, -1163200000.0, 3200000.0, 6400000.0, 12800000.0, 25600000.0, 51200000.0, 102400000.0, 204800000.0, 173200000.0], [0.0, 123200000.0, 0.0, 41600000.0, 0.0, 38400000.0, 0.0, 87200000.0, 0.0, 57600000.0, 0.0, 51200000.0, 0.0, 102400000.0, 0.0, 4000000.0, 0.0, 6400000.0, 0.0, 136800000.0, 0.0, 64800000.0, 0.0, 187200000.0, 0.0, 340000000.0, 0.0, 88000000.0, 0.0, 92800000.0, 0.0, 104000000.0, 0.0, 37600000.0, 0.0, 52000000.0, 0.0, 96000000.0, 0.0, 0.0, 0.0, 0.0, 0.0, 0.0, 0.0, 0.0, 0.0, 0.0, 0.0, 800000.0, 1600000.0, 3200000.0, -2323200000.0, 12800000.0, 25600000.0, 51200000.0, 102400000.0, 204800000.0, 409600000.0, 346400000.0], [0.0, 246400000.0, 0.0, 83200000.0, 0.0, 76800000.0, 0.0, 174400000.0, 0.0, 115200000.0, 0.0, 102400000.0, 0.0, 204800000.0, 0.0, 8000000.0, 0.0, 12800000.0, 0.0, 273600000.0, 0.0, 129600000.0, 0.0, 374400000.0, 0.0, 680000000.0, 0.0, 176000000.0, 0.0, 185600000.0, 0.0, 208000000.0, 0.0, 75200000.0, 0.0, 104000000.0, 0.0, 192000000.0, 0.0, 0.0, 0.0, 0.0, 0.0, 0.0, 0.0, 0.0, 0.0, 0.0, 0.0, 1600000.0, 3200000.0, 6400000.0, 12800000.0, -4633600000.0, 51200000.0, 102400000.0, 204800000.0, 409600000.0, 819200000.0, 692800000.0], [0.0, 492800000.0, 0.0, 166400000.0, 0.0, 153600000.0, 0.0, 348800000.0, 0.0, 230400000.0, 0.0, 204800000.0, 0.0, 409600000.0, 0.0, 16000000.0, 0.0, 25600000.0, 0.0, 547200000.0, 0.0, 259200000.0, 0.0, 748800000.0, 0.0, 1360000000.0, 0.0, 352000000.0, 0.0, 371200000.0, 0.0, 416000000.0, 0.0, 150400000.0, 0.0, 208000000.0, 0.0, 384000000.0, 0.0, 0.0, 0.0, 0.0, 0.0, 0.0, 0.0, 0.0, 0.0, 0.0, 0.0, 3200000.0, 6400000.0, 12800000.0, 25600000.0, 51200000.0, -9216000000.0, 204800000.0, 409600000.0, 819200000.0, 1638400000.0, 1385600000.0], [0.0, 985600000.0, 0.0, 332800000.0, 0.0, 307200000.0, 0.0, 697600000.0, 0.0, 460800000.0, 0.0, 409600000.0, 0.0, 819200000.0, 0.0, 32000000.0, 0.0, 51200000.0, 0.0, 1094400000.0, 0.0, 518400000.0, 0.0, 1497600000.0, 0.0, 2720000000.0, 0.0, 704000000.0, 0.0, 742400000.0, 0.0, 832000000.0, 0.0, 300800000.0, 0.0, 416000000.0, 0.0, 768000000.0, 0.0, 0.0, 0.0, 0.0, 0.0, 0.0, 0.0, 0.0, 0.0, 0.0, 0.0, 6400000.0, 12800000.0, 25600000.0, 51200000.0, 102400000.0, 204800000.0, -18227200000.0, 819200000.0, 1638400000.0, 3276800000.0, 2771200000.0], [0.0, 1971200000.0, 0.0, 665600000.0, 0.0, 614400000.0, 0.0, 1395200000.0, 0.0, 921600000.0, 0.0, 819200000.0, 0.0, 1638400000.0, 0.0, 64000000.0, 0.0, 102400000.0, 0.0, 2188800000.0, 0.0, 1036800000.0, 0.0, 2995200000.0, 0.0, 5440000000.0, 0.0, 1408000000.0, 0.0, 1484800000.0, 0.0, 1664000000.0, 0.0, 601600000.0, 0.0, 832000000.0, 0.0, 1536000000.0, 0.0, 0.0, 0.0, 0.0, 0.0, 0.0, 0.0, 0.0, 0.0, 0.0, 0.0, 12800000.0, 25600000.0, 51200000.0, 102400000.0, 204800000.0, 409600000.0, 819200000.0, -35635200000.0, 3276800000.0, 6553600000.0, 5542400000.0], [0.0, 3942400000.0, 0.0, 1331200000.0, 0.0, 1228800000.0, 0.0, 2790400000.0, 0.0, 1843200000.0, 0.0, 1638400000.0, 0.0, 3276800000.0, 0.0, 128000000.0, 0.0, 204800000.0, 0.0, 4377600000.0, 0.0, 2073600000.0, 0.0, 5990400000.0, 0.0, 10880000000.0, 0.0, 2816000000.0, 0.0, 2969600000.0, 0.0, 3328000000.0, 0.0, 1203200000.0, 0.0, 1664000000.0, 0.0, 3072000000.0, 0.0, 0.0, 0.0, 0.0, 0.0, 0.0, 0.0, 0.0, 0.0, 0.0, 0.0, 25600000.0, 51200000.0, 102400000.0, 204800000.0, 409600000.0, 819200000.0, 1638400000.0, 3276800000.0, -67993600000.0, 13107200000.0, 11084800000.0], [0.0, 7884800000.0, 0.0, 2662400000.0, 0.0, 2457600000.0, 0.0, 5580800000.0, 0.0, 3686400000.0, 0.0, 3276800000.0, 0.0, 6553600000.0, 0.0, 256000000.0, 0.0, 409600000.0, 0.0, 8755200000.0, 0.0, 4147200000.0, 0.0, 11980800000.0, 0.0, 21760000000.0, 0.0, 5632000000.0, 0.0, 5939200000.0, 0.0, 6656000000.0, 0.0, 2406400000.0, 0.0, 3328000000.0, 0.0, 6144000000.0, 0.0, 0.0, 0.0, 0.0, 0.0, 0.0, 0.0, 0.0, 0.0, 0.0, 0.0, 51200000.0, 102400000.0, 204800000.0, 409600000.0, 819200000.0, 1638400000.0, 3276800000.0, 6553600000.0, 13107200000.0, -122880000000.0, 22169600000.0], [0.0, 6668200000.0, 0.0, 2251600000.0, 0.0, 2078400000.0, 0.0, 4719700000.0, 0.0, 3117600000.0, 0.0, 2771200000.0, 0.0, 5542400000.0, 0.0, 216500000.0, 0.0, 346400000.0, 0.0, 7404300000.0, 0.0, 3507300000.0, 0.0, 10132200000.0, 0.0, 18402500000.0, 0.0, 4763000000.0, 0.0, 5022800000.0, 0.0, 5629000000.0, 0.0, 2035100000.0, 0.0, 2814500000.0, 0.0, 5196000000.0, 0.0, 0.0, 0.0, 0.0, 0.0, 0.0, 0.0, 0.0, 0.0, 0.0, 0.0, 43300000.0, 86600000.0, 173200000.0, 346400000.0, 692800000.0, 1385600000.0, 2771200000.0, 5542400000.0, 11084800000.0, 22169600000.0, -107340700000.0]]"
  },
  "variable_mappings": [
    {
      "machine_id": 24,
      "machine_name_convenience_only": "GP260",
      "dieset_id": 11,
      "dieset_number_convenience_only": "4984449, 4984462",
      "variable_id": 0,
      "variable_name_convenience_only": "md_GP260_4984449, 4984462"
    },
    {
      "machine_id": 27,
      "machine_name_convenience_only": "GP640",
      "dieset_id": 11,
      "dieset_number_convenience_only": "4984449, 4984462",
      "variable_id": 1,
      "variable_name_convenience_only": "md_GP640_4984449, 4984462"
    },
    {
      "machine_id": 24,
      "machine_name_convenience_only": "GP260",
      "dieset_id": 10,
      "dieset_number_convenience_only": "4984449, 5031550",
      "variable_id": 2,
      "variable_name_convenience_only": "md_GP260_4984449, 5031550"
    },
    {
      "machine_id": 27,
      "machine_name_convenience_only": "GP640",
      "dieset_id": 10,
      "dieset_number_convenience_only": "4984449, 5031550",
      "variable_id": 3,
      "variable_name_convenience_only": "md_GP640_4984449, 5031550"
    },
    {
      "machine_id": 24,
      "machine_name_convenience_only": "GP260",
      "dieset_id": 1,
      "dieset_number_convenience_only": "4985498",
      "variable_id": 4,
      "variable_name_convenience_only": "md_GP260_4985498"
    },
    {
      "machine_id": 27,
      "machine_name_convenience_only": "GP640",
