{
  "qubo": {
    "id": 0,
    "name": "MachineDiesetProblem",
    "variables": [
      {
        "id": 0,
        "name": "0",
        "slack": false
      },
      {
        "id": 1,
        "name": "1",
        "slack": false
      },
      {
        "id": 2,
        "name": "2",
        "slack": false
      },
      {
        "id": 3,
        "name": "3",
        "slack": false
      },
      {
        "id": 4,
        "name": "4",
        "slack": false
      },
      {
        "id": 5,
        "name": "5",
        "slack": false
      },
      {
        "id": 6,
        "name": "6",
        "slack": false
      },
      {
        "id": 7,
        "name": "7",
        "slack": false
      },
      {
        "id": 8,
        "name": "8",
        "slack": false
      },
      {
        "id": 9,
        "name": "9",
        "slack": false
      },
      {
        "id": 10,
        "name": "10",
        "slack": false
      },
      {
        "id": 11,
        "name": "11",
        "slack": false
      },
      {
        "id": 12,
        "name": "12",
        "slack": false
      },
      {
        "id": 13,
        "name": "13",
        "slack": false
      },
      {
        "id": 14,
        "name": "14",
        "slack": false
      },
      {
        "id": 15,
        "name": "15",
        "slack": false
      },
      {
        "id": 16,
        "name": "16",
        "slack": false
      },
      {
        "id": 17,
        "name": "17",
        "slack": false
      },
      {
        "id": 18,
        "name": "18",
        "slack": false
      },
      {
        "id": 19,
        "name": "19",
        "slack": false
      },
      {
        "id": 20,
        "name": "20",
        "slack": false
      },
      {
        "id": 21,
        "name": "21",
        "slack": false
      },
      {
        "id": 22,
        "name": "22",
        "slack": false
      },
      {
        "id": 23,
        "name": "23",
        "slack": false
      },
      {
        "id": 24,
        "name": "24",
        "slack": false
      },
      {
        "id": 25,
        "name": "25",
        "slack": false
      },
      {
        "id": 26,
        "name": "capacity_constraint_machine_24@int_slack@0",
        "slack": true
      },
      {
        "id": 27,
        "name": "capacity_constraint_machine_24@int_slack@1",
        "slack": true
      },
      {
        "id": 28,
        "name": "capacity_constraint_machine_24@int_slack@2",
        "slack": true
      },
      {
        "id": 29,
        "name": "capacity_constraint_machine_24@int_slack@3",
        "slack": true
      },
      {
        "id": 30,
        "name": "capacity_constraint_machine_24@int_slack@4",
        "slack": true
      },
      {
        "id": 31,
        "name": "capacity_constraint_machine_24@int_slack@5",
        "slack": true
      },
      {
        "id": 32,
        "name": "capacity_constraint_machine_24@int_slack@6",
        "slack": true
      },
      {
        "id": 33,
        "name": "capacity_constraint_machine_24@int_slack@7",
        "slack": true
      },
      {
        "id": 34,
        "name": "capacity_constraint_machine_24@int_slack@8",
        "slack": true
      },
      {
        "id": 35,
        "name": "capacity_constraint_machine_24@int_slack@9",
        "slack": true
      },
      {
        "id": 36,
        "name": "capacity_constraint_machine_27@int_slack@0",
        "slack": true
      },
      {
        "id": 37,
        "name": "capacity_constraint_machine_27@int_slack@1",
        "slack": true
      },
      {
        "id": 38,
        "name": "capacity_constraint_machine_27@int_slack@2",
        "slack": true
      },
      {
        "id": 39,
        "name": "capacity_constraint_machine_27@int_slack@3",
        "slack": true
      },
      {
        "id": 40,
        "name": "capacity_constraint_machine_27@int_slack@4",
        "slack": true
      },
      {
        "id": 41,
        "name": "capacity_constraint_machine_27@int_slack@5",
        "slack": true
      },
      {
        "id": 42,
        "name": "capacity_constraint_machine_27@int_slack@6",
        "slack": true
      },
      {
        "id": 43,
        "name": "capacity_constraint_machine_27@int_slack@7",
        "slack": true
      },
      {
        "id": 44,
        "name": "capacity_constraint_machine_27@int_slack@8",
        "slack": true
      },
      {
        "id": 45,
        "name": "capacity_constraint_machine_27@int_slack@9",
        "slack": true
      }
    ],
    "constant": 30200850000.0,
    "matrix": "[[-3491418809.0, 1000000000.0, 80080000.0, 0.0, 73920000.0, 0.0, 167860000.0, 0.0, 110880000.0, 0.0, 98560000.0, 0.0, 197120000.0, 0.0, 7700000.0, 0.0, 12320000.0, 0.0, 263340000.0, 0.0, 124740000.0, 0.0, 360360000.0, 0.0, 654500000.0, 0.0, 1540000.0, 3080000.0, 6160000.0, 12320000.0, 24640000.0, 49280000.0, 98560000.0, 197120000.0, 394240000.0, 577500000.0, 0.0, 0.0, 0.0, 0.0, 0.0, 0.0, 0.0, 0.0, 0.0, 0.0], [1000000000.0, -3740962593.0, 0.0, 80080000.0, 0.0, 73920000.0, 0.0, 167860000.0, 0.0, 110880000.0, 0.0, 98560000.0, 0.0, 197120000.0, 0.0, 7700000.0, 0.0, 12320000.0, 0.0, 263340000.0, 0.0, 124740000.0, 0.0, 360360000.0, 0.0, 654500000.0, 0.0, 0.0, 0.0, 0.0, 0.0, 0.0, 0.0, 0.0, 0.0, 0.0, 1540000.0, 3080000.0, 6160000.0, 12320000.0, 24640000.0, 49280000.0, 98560000.0, 197120000.0, 394240000.0, 702240000.0], [80080000.0, 0.0, -1894307318.0, 1000000000.0, 24960000.0, 0.0, 56680000.0, 0.0, 37440000.0, 0.0, 33280000.0, 0.0, 66560000.0, 0.0, 2600000.0, 0.0, 4160000.0, 0.0, 88920000.0, 0.0, 42120000.0, 0.0, 121680000.0, 0.0, 221000000.0, 0.0, 520000.0, 1040000.0, 2080000.0, 4160000.0, 8320000.0, 16640000.0, 33280000.0, 66560000.0, 133120000.0, 195000000.0, 0.0, 0.0, 0.0, 0.0, 0.0, 0.0, 0.0, 0.0, 0.0, 0.0], [0.0, 80080000.0, 1000000000.0, -1978565867.0, 0.0, 24960000.0, 0.0, 56680000.0, 0.0, 37440000.0, 0.0, 33280000.0, 0.0, 66560000.0, 0.0, 2600000.0, 0.0, 4160000.0, 0.0, 88920000.0, 0.0, 42120000.0, 0.0, 121680000.0, 0.0, 221000000.0, 0.0, 0.0, 0.0, 0.0, 0.0, 0.0, 0.0, 0.0, 0.0, 0.0, 520000.0, 1040000.0, 2080000.0, 4160000.0, 8320000.0, 16640000.0, 33280000.0, 66560000.0, 133120000.0, 237120000.0], [73920000.0, 0.0, 24960000.0, 0.0, -1827434250.0, 1000000000.0, 52320000.0, 0.0, 34560000.0, 0.0, 30720000.0, 0.0, 61440000.0, 0.0, 2400000.0, 0.0, 3840000.0, 0.0, 82080000.0, 0.0, 38880000.0, 0.0, 112320000.0, 0.0, 204000000.0, 0.0, 480000.0, 960000.0, 1920000.0, 3840000.0, 7680000.0, 15360000.0, 30720000.0, 61440000.0, 122880000.0, 180000000.0, 0.0, 0.0, 0.0, 0.0, 0.0, 0.0, 0.0, 0.0, 0.0, 0.0], [0.0, 73920000.0, 0.0, 24960000.0, 1000000000.0, -1905211843.0, 0.0, 52320000.0, 0.0, 34560000.0, 0.0, 30720000.0, 0.0, 61440000.0, 0.0, 2400000.0, 0.0, 3840000.0, 0.0, 82080000.0, 0.0, 38880000.0, 0.0, 112320000.0, 0.0, 204000000.0, 0.0, 0.0, 0.0, 0.0, 0.0, 0.0, 0.0, 0.0, 0.0, 0.0, 480000.0, 960000.0, 1920000.0, 3840000.0, 7680000.0, 15360000.0, 30720000.0, 61440000.0, 122880000.0, 218880000.0], [167860000.0, 0.0, 56680000.0, 0.0, 52320000.0, 0.0, -2812463595.0, 1000000000.0, 78480000.0, 0.0, 69760000.0, 0.0, 139520000.0, 0.0, 5450000.0, 0.0, 8720000.0, 0.0, 186390000.0, 0.0, 88290000.0, 0.0, 255060000.0, 0.0, 463250000.0, 0.0, 1090000.0, 2180000.0, 4360000.0, 8720000.0, 17440000.0, 34880000.0, 69760000.0, 139520000.0, 279040000.0, 408750000.0, 0.0, 0.0, 0.0, 0.0, 0.0, 0.0, 0.0, 0.0, 0.0, 0.0], [0.0, 167860000.0, 0.0, 56680000.0, 0.0, 52320000.0, 1000000000.0, -2989097440.0, 0.0, 78480000.0, 0.0, 69760000.0, 0.0, 139520000.0, 0.0, 5450000.0, 0.0, 8720000.0, 0.0, 186390000.0, 0.0, 88290000.0, 0.0, 255060000.0, 0.0, 463250000.0, 0.0, 0.0, 0.0, 0.0, 0.0, 0.0, 0.0, 0.0, 0.0, 0.0, 1090000.0, 2180000.0, 4360000.0, 8720000.0, 17440000.0, 34880000.0, 69760000.0, 139520000.0, 279040000.0, 497040000.0], [110880000.0, 0.0, 37440000.0, 0.0, 34560000.0, 0.0, 78480000.0, 0.0, -2223869733.0, 1000000000.0, 46080000.0, 0.0, 92160000.0, 0.0, 3600000.0, 0.0, 5760000.0, 0.0, 123120000.0, 0.0, 58320000.0, 0.0, 168480000.0, 0.0, 306000000.0, 0.0, 720000.0, 1440000.0, 2880000.0, 5760000.0, 11520000.0, 23040000.0, 46080000.0, 92160000.0, 184320000.0, 270000000.0, 0.0, 0.0, 0.0, 0.0, 0.0, 0.0, 0.0, 0.0, 0.0, 0.0], [0.0, 110880000.0, 0.0, 37440000.0, 0.0, 34560000.0, 0.0, 78480000.0, 1000000000.0, -2340539326.0, 0.0, 46080000.0, 0.0, 92160000.0, 0.0, 3600000.0, 0.0, 5760000.0, 0.0, 123120000.0, 0.0, 58320000.0, 0.0, 168480000.0, 0.0, 306000000.0, 0.0, 0.0, 0.0, 0.0, 0.0, 0.0, 0.0, 0.0, 0.0, 0.0, 720000.0, 1440000.0, 2880000.0, 5760000.0, 11520000.0, 23040000.0, 46080000.0, 92160000.0, 184320000.0, 328320000.0], [98560000.0, 0.0, 33280000.0, 0.0, 30720000.0, 0.0, 69760000.0, 0.0, 46080000.0, 0.0, -2093003091.0, 1000000000.0, 81920000.0, 0.0, 3200000.0, 0.0, 5120000.0, 0.0, 109440000.0, 0.0, 51840000.0, 0.0, 149760000.0, 0.0, 272000000.0, 0.0, 640000.0, 1280000.0, 2560000.0, 5120000.0, 10240000.0, 20480000.0, 40960000.0, 81920000.0, 163840000.0, 240000000.0, 0.0, 0.0, 0.0, 0.0, 0.0, 0.0, 0.0, 0.0, 0.0, 0.0], [0.0, 98560000.0, 0.0, 33280000.0, 0.0, 30720000.0, 0.0, 69760000.0, 0.0, 46080000.0, 1000000000.0, -2196710158.0, 0.0, 81920000.0, 0.0, 3200000.0, 0.0, 5120000.0, 0.0, 109440000.0, 0.0, 51840000.0, 0.0, 149760000.0, 0.0, 272000000.0, 0.0, 0.0, 0.0, 0.0, 0.0, 0.0, 0.0, 0.0, 0.0, 0.0, 640000.0, 1280000.0, 2560000.0, 5120000.0, 10240000.0, 20480000.0, 40960000.0, 81920000.0, 163840000.0, 291840000.0], [197120000.0, 0.0, 66560000.0, 0.0, 61440000.0, 0.0, 139520000.0, 0.0, 92160000.0, 0.0, 81920000.0, 0.0, -3102854457.0, 1000000000.0, 6400000.0, 0.0, 10240000.0, 0.0, 218880000.0, 0.0, 103680000.0, 0.0, 299520000.0, 0.0, 544000000.0, 0.0, 1280000.0, 2560000.0, 5120000.0, 10240000.0, 20480000.0, 40960000.0, 81920000.0, 163840000.0, 327680000.0, 480000000.0, 0.0, 0.0, 0.0, 0.0, 0.0, 0.0, 0.0, 0.0, 0.0, 0.0], [0.0, 197120000.0, 0.0, 66560000.0, 0.0, 61440000.0, 0.0, 139520000.0, 0.0, 92160000.0, 0.0, 81920000.0, 1000000000.0, -3310277144.0, 0.0, 6400000.0, 0.0, 10240000.0, 0.0, 218880000.0, 0.0, 103680000.0, 0.0, 299520000.0, 0.0, 544000000.0, 0.0, 0.0, 0.0, 0.0, 0.0, 0.0, 0.0, 0.0, 0.0, 0.0, 1280000.0, 2560000.0, 5120000.0, 10240000.0, 20480000.0, 40960000.0, 81920000.0, 163840000.0, 327680000.0, 583680000.0], [7700000.0, 0.0, 2600000.0, 0.0, 2400000.0, 0.0, 5450000.0, 0.0, 3600000.0, 0.0, 3200000.0, 0.0, 6400000.0, 0.0, -1088338125.0, 1000000000.0, 400000.0, 0.0, 8550000.0, 0.0, 4050000.0, 0.0, 11700000.0, 0.0, 21250000.0, 0.0, 50000.0, 100000.0, 200000.0, 400000.0, 800000.0, 1600000.0, 3200000.0, 6400000.0, 12800000.0, 18750000.0, 0.0, 0.0, 0.0, 0.0, 0.0, 0.0, 0.0, 0.0, 0.0, 0.0], [0.0, 7700000.0, 0.0, 2600000.0, 0.0, 2400000.0, 0.0, 5450000.0, 0.0, 3600000.0, 0.0, 3200000.0, 0.0, 6400000.0, 1000000000.0, -1096440508.0, 0.0, 400000.0, 0.0, 8550000.0, 0.0, 4050000.0, 0.0, 11700000.0, 0.0, 21250000.0, 0.0, 0.0, 0.0, 0.0, 0.0, 0.0, 0.0, 0.0, 0.0, 0.0, 50000.0, 100000.0, 200000.0, 400000.0, 800000.0, 1600000.0, 3200000.0, 6400000.0, 12800000.0, 22800000.0], [12320000.0, 0.0, 4160000.0, 0.0, 3840000.0, 0.0, 8720000.0, 0.0, 5760000.0, 0.0, 5120000.0, 0.0, 10240000.0, 0.0, 400000.0, 0.0, -1141105673.0, 1000000000.0, 13680000.0, 0.0, 6480000.0, 0.0, 18720000.0, 0.0, 34000000.0, 0.0, 80000.0, 160000.0, 320000.0, 640000.0, 1280000.0, 2560000.0, 5120000.0, 10240000.0, 20480000.0, 30000000.0, 0.0, 0.0, 0.0, 0.0, 0.0, 0.0, 0.0, 0.0, 0.0, 0.0], [0.0, 12320000.0, 0.0, 4160000.0, 0.0, 3840000.0, 0.0, 8720000.0, 0.0, 5760000.0, 0.0, 5120000.0, 0.0, 10240000.0, 0.0, 400000.0, 1000000000.0, -1154068778.0, 0.0, 13680000.0, 0.0, 6480000.0, 0.0, 18720000.0, 0.0, 34000000.0, 0.0, 0.0, 0.0, 0.0, 0.0, 0.0, 0.0, 0.0, 0.0, 0.0, 80000.0, 160000.0, 320000.0, 640000.0, 1280000.0, 2560000.0, 5120000.0, 10240000.0, 20480000.0, 36480000.0], [263340000.0, 0.0, 88920000.0, 0.0, 82080000.0, 0.0, 186390000.0, 0.0, 123120000.0, 0.0, 109440000.0, 0.0, 218880000.0, 0.0, 8550000.0, 0.0, 13680000.0, 0.0, -3737389630.0, 1000000000.0, 138510000.0, 0.0, 400140000.0, 0.0, 726750000.0, 0.0, 1710000.0, 3420000.0, 6840000.0, 13680000.0, 27360000.0, 54720000.0, 109440000.0, 218880000.0, 437760000.0, 641250000.0, 0.0, 0.0, 0.0, 0.0, 0.0, 0.0, 0.0, 0.0, 0.0, 0.0], [0.0, 263340000.0, 0.0, 88920000.0, 0.0, 82080000.0, 0.0, 186390000.0, 0.0, 123120000.0, 0.0, 109440000.0, 0.0, 218880000.0, 0.0, 8550000.0, 0.0, 13680000.0, 1000000000.0, -4014476690.0, 0.0, 138510000.0, 0.0, 400140000.0, 0.0, 726750000.0, 0.0, 0.0, 0.0, 0.0, 0.0, 0.0, 0.0, 0.0, 0.0, 0.0, 1710000.0, 3420000.0, 6840000.0, 13680000.0, 27360000.0, 54720000.0, 109440000.0, 218880000.0, 437760000.0, 779760000.0], [124740000.0, 0.0, 42120000.0, 0.0, 38880000.0, 0.0, 88290000.0, 0.0, 58320000.0, 0.0, 51840000.0, 0.0, 103680000.0, 0.0, 4050000.0, 0.0, 6480000.0, 0.0, 138510000.0, 0.0, -2369561234.0, 1000000000.0, 189540000.0, 0.0, 344250000.0, 0.0, 810000.0, 1620000.0, 3240000.0, 6480000.0, 12960000.0, 25920000.0, 51840000.0, 103680000.0, 207360000.0, 303750000.0, 0.0, 0.0, 0.0, 0.0, 0.0, 0.0, 0.0, 0.0, 0.0, 0.0], [0.0, 124740000.0, 0.0, 42120000.0, 0.0, 38880000.0, 0.0, 88290000.0, 0.0, 58320000.0, 0.0, 51840000.0, 0.0, 103680000.0, 0.0, 4050000.0, 0.0, 6480000.0, 0.0, 138510000.0, 1000000000.0, -2500812937.0, 0.0, 189540000.0, 0.0, 344250000.0, 0.0, 0.0, 0.0, 0.0, 0.0, 0.0, 0.0, 0.0, 0.0, 0.0, 810000.0, 1620000.0, 3240000.0, 6480000.0, 12960000.0, 25920000.0, 51840000.0, 103680000.0, 207360000.0, 369360000.0], [360360000.0, 0.0, 121680000.0, 0.0, 112320000.0, 0.0, 255060000.0, 0.0, 168480000.0, 0.0, 149760000.0, 0.0, 299520000.0, 0.0, 11700000.0, 0.0, 18720000.0, 0.0, 400140000.0, 0.0, 189540000.0, 0.0, -4598183254.0, 1000000000.0, 994500000.0, 0.0, 2340000.0, 4680000.0, 9360000.0, 18720000.0, 37440000.0, 74880000.0, 149760000.0, 299520000.0, 599040000.0, 877500000.0, 0.0, 0.0, 0.0, 0.0, 0.0, 0.0, 0.0, 0.0, 0.0, 0.0], [0.0, 360360000.0, 0.0, 121680000.0, 0.0, 112320000.0, 0.0, 255060000.0, 0.0, 168480000.0, 0.0, 149760000.0, 0.0, 299520000.0, 0.0, 11700000.0, 0.0, 18720000.0, 0.0, 400140000.0, 0.0, 189540000.0, 1000000000.0, -4977357243.0, 0.0, 994500000.0, 0.0, 0.0, 0.0, 0.0, 0.0, 0.0, 0.0, 0.0, 0.0, 0.0, 2340000.0, 4680000.0, 9360000.0, 18720000.0, 37440000.0, 74880000.0, 149760000.0, 299520000.0, 599040000.0, 1067040000.0], [654500000.0, 0.0, 221000000.0, 0.0, 204000000.0, 0.0, 463250000.0, 0.0, 306000000.0, 0.0, 272000000.0, 0.0, 544000000.0, 0.0, 21250000.0, 0.0, 34000000.0, 0.0, 726750000.0, 0.0, 344250000.0, 0.0, 994500000.0, 0.0, -6722746438.0, 1000000000.0, 4250000.0, 8500000.0, 17000000.0, 34000000.0, 68000000.0, 136000000.0, 272000000.0, 544000000.0, 1088000000.0, 1593750000.0, 0.0, 0.0, 0.0, 0.0, 0.0, 0.0, 0.0, 0.0, 0.0, 0.0], [0.0, 654500000.0, 0.0, 221000000.0, 0.0, 204000000.0, 0.0, 463250000.0, 0.0, 306000000.0, 0.0, 272000000.0, 0.0, 544000000.0, 0.0, 21250000.0, 0.0, 34000000.0, 0.0, 726750000.0, 0.0, 344250000.0, 0.0, 994500000.0, 1000000000.0, -7411414776.0, 0.0, 0.0, 0.0, 0.0, 0.0, 0.0, 0.0, 0.0, 0.0, 0.0, 4250000.0, 8500000.0, 17000000.0, 34000000.0, 68000000.0, 136000000.0, 272000000.0, 544000000.0, 1088000000.0, 1938000000.0], [1540000.0, 0.0, 520000.0, 0.0, 480000.0, 0.0, 1090000.0, 0.0, 720000.0, 0.0, 640000.0, 0.0, 1280000.0, 0.0, 50000.0, 0.0, 80000.0, 0.0, 1710000.0, 0.0, 810000.0, 0.0, 2340000.0, 0.0, 4250000.0, 0.0, -17710000.0, 20000.0, 40000.0, 80000.0, 160000.0, 320000.0, 640000.0, 1280000.0, 2560000.0, 3750000.0, 0.0, 0.0, 0.0, 0.0, 0.0, 0.0, 0.0, 0.0, 0.0, 0.0], [3080000.0, 0.0, 1040000.0, 0.0, 960000.0, 0.0, 2180000.0, 0.0, 1440000.0, 0.0, 1280000.0, 0.0, 2560000.0, 0.0, 100000.0, 0.0, 160000.0, 0.0, 3420000.0, 0.0, 1620000.0, 0.0, 4680000.0, 0.0, 8500000.0, 0.0, 20000.0, -35400000.0, 80000.0, 160000.0, 320000.0, 640000.0, 1280000.0, 2560000.0, 5120000.0, 7500000.0, 0.0, 0.0, 0.0, 0.0, 0.0, 0.0, 0.0, 0.0, 0.0, 0.0], [6160000.0, 0.0, 2080000.0, 0.0, 1920000.0, 0.0, 4360000.0, 0.0, 2880000.0, 0.0, 2560000.0, 0.0, 5120000.0, 0.0, 200000.0, 0.0, 320000.0, 0.0, 6840000.0, 0.0, 3240000.0, 0.0, 9360000.0, 0.0, 17000000.0, 0.0, 40000.0, 80000.0, -70720000.0, 320000.0, 640000.0, 1280000.0, 2560000.0, 5120000.0, 10240000.0, 15000000.0, 0.0, 0.0, 0.0, 0.0, 0.0, 0.0, 0.0, 0.0, 0.0, 0.0], [12320000.0, 0.0, 4160000.0, 0.0, 3840000.0, 0.0, 8720000.0, 0.0, 5760000.0, 0.0, 5120000.0, 0.0, 10240000.0, 0.0, 400000.0, 0.0, 640000.0, 0.0, 13680000.0, 0.0, 6480000.0, 0.0, 18720000.0, 0.0, 34000000.0, 0.0, 80000.0, 160000.0, 320000.0, -141120000.0, 1280000.0, 2560000.0, 5120000.0, 10240000.0, 20480000.0, 30000000.0, 0.0, 0.0, 0.0, 0.0, 0.0, 0.0, 0.0, 0.0, 0.0, 0.0], [24640000.0, 0.0, 8320000.0, 0.0, 7680000.0, 0.0, 17440000.0, 0.0, 11520000.0, 0.0, 10240000.0, 0.0, 20480000.0, 0.0, 800000.0, 0.0, 1280000.0, 0.0, 27360000.0, 0.0, 12960000.0, 0.0, 37440000.0, 0.0, 68000000.0, 0.0, 160000.0, 320000.0, 640000.0, 1280000.0, -280960000.0, 5120000.0, 10240000.0, 20480000.0, 40960000.0, 60000000.0, 0.0, 0.0, 0.0, 0.0, 0.0, 0.0, 0.0, 0.0, 0.0, 0.0], [49280000.0, 0.0, 16640000.0, 0.0, 15360000.0, 0.0, 34880000.0, 0.0, 23040000.0, 0.0, 20480000.0, 0.0, 40960000.0, 0.0, 1600000.0, 0.0, 2560000.0, 0.0, 54720000.0, 0.0, 25920000.0, 0.0, 74880000.0, 0.0, 136000000.0, 0.0, 320000.0, 640000.0, 1280000.0, 2560000.0, 5120000.0, -556800000.0, 20480000.0, 40960000.0, 81920000.0, 120000000.0, 0.0, 0.0, 0.0, 0.0, 0.0, 0.0, 0.0, 0.0, 0.0, 0.0], [98560000.0, 0.0, 33280000.0, 0.0, 30720000.0, 0.0, 69760000.0, 0.0, 46080000.0, 0.0, 40960000.0, 0.0, 81920000.0, 0.0, 3200000.0, 0.0, 5120000.0, 0.0, 109440000.0, 0.0, 51840000.0, 0.0, 149760000.0, 0.0, 272000000.0, 0.0, 640000.0, 1280000.0, 2560000.0, 5120000.0, 10240000.0, 20480000.0, -1093120000.0, 81920000.0, 163840000.0, 240000000.0, 0.0, 0.0, 0.0, 0.0, 0.0, 0.0, 0.0, 0.0, 0.0, 0.0], [197120000.0, 0.0, 66560000.0, 0.0, 61440000.0, 0.0, 139520000.0, 0.0, 92160000.0, 0.0, 81920000.0, 0.0, 163840000.0, 0.0, 6400000.0, 0.0, 10240000.0, 0.0, 218880000.0, 0.0, 103680000.0, 0.0, 299520000.0, 0.0, 544000000.0, 0.0, 1280000.0, 2560000.0, 5120000.0, 10240000.0, 20480000.0, 40960000.0, 81920000.0, -2104320000.0, 327680000.0, 480000000.0, 0.0, 0.0, 0.0, 0.0, 0.0, 0.0, 0.0, 0.0, 0.0, 0.0], [394240000.0, 0.0, 133120000.0, 0.0, 122880000.0, 0.0, 279040000.0, 0.0, 184320000.0, 0.0, 163840000.0, 0.0, 327680000.0, 0.0, 12800000.0, 0.0, 20480000.0, 0.0, 437760000.0, 0.0, 207360000.0, 0.0, 599040000.0, 0.0, 1088000000.0, 0.0, 2560000.0, 5120000.0, 10240000.0, 20480000.0, 40960000.0, 81920000.0, 163840000.0, 327680000.0, -3880960000.0, 960000000.0, 0.0, 0.0, 0.0, 0.0, 0.0, 0.0, 0.0, 0.0, 0.0, 0.0], [577500000.0, 0.0, 195000000.0, 0.0, 180000000.0, 0.0, 408750000.0, 0.0, 270000000.0, 0.0, 240000000.0, 0.0, 480000000.0, 0.0, 18750000.0, 0.0, 30000000.0, 0.0, 641250000.0, 0.0, 303750000.0, 0.0, 877500000.0, 0.0, 1593750000.0, 0.0, 3750000.0, 7500000.0, 15000000.0, 30000000.0, 60000000.0, 120000000.0, 240000000.0, 480000000.0, 960000000.0, -5238750000.0, 0.0, 0.0, 0.0, 0.0, 0.0, 0.0, 0.0, 0.0, 0.0, 0.0], [0.0, 1540000.0, 0.0, 520000.0, 0.0, 480000.0, 0.0, 1090000.0, 0.0, 720000.0, 0.0, 640000.0, 0.0, 1280000.0, 0.0, 50000.0, 0.0, 80000.0, 0.0, 1710000.0, 0.0, 810000.0, 0.0, 2340000.0, 0.0, 4250000.0, 0.0, 0.0, 0.0, 0.0, 0.0, 0.0, 0.0, 0.0, 0.0, 0.0, -19330000.0, 20000.0, 40000.0, 80000.0, 160000.0, 320000.0, 640000.0, 1280000.0, 2560000.0, 4560000.0], [0.0, 3080000.0, 0.0, 1040000.0, 0.0, 960000.0, 0.0, 2180000.0, 0.0, 1440000.0, 0.0, 1280000.0, 0.0, 2560000.0, 0.0, 100000.0, 0.0, 160000.0, 0.0, 3420000.0, 0.0, 1620000.0, 0.0, 4680000.0, 0.0, 8500000.0, 0.0, 0.0, 0.0, 0.0, 0.0, 0.0, 0.0, 0.0, 0.0, 0.0, 20000.0, -38640000.0, 80000.0, 160000.0, 320000.0, 640000.0, 1280000.0, 2560000.0, 5120000.0, 9120000.0], [0.0, 6160000.0, 0.0, 2080000.0, 0.0, 1920000.0, 0.0, 4360000.0, 0.0, 2880000.0, 0.0, 2560000.0, 0.0, 5120000.0, 0.0, 200000.0, 0.0, 320000.0, 0.0, 6840000.0, 0.0, 3240000.0, 0.0, 9360000.0, 0.0, 17000000.0, 0.0, 0.0, 0.0, 0.0, 0.0, 0.0, 0.0, 0.0, 0.0, 0.0, 40000.0, 80000.0, -77200000.0, 320000.0, 640000.0, 1280000.0, 2560000.0, 5120000.0, 10240000.0, 18240000.0], [0.0, 12320000.0, 0.0, 4160000.0, 0.0, 3840000.0, 0.0, 8720000.0, 0.0, 5760000.0, 0.0, 5120000.0, 0.0, 10240000.0, 0.0, 400000.0, 0.0, 640000.0, 0.0, 13680000.0, 0.0, 6480000.0, 0.0, 18720000.0, 0.0, 34000000.0, 0.0, 0.0, 0.0, 0.0, 0.0, 0.0, 0.0, 0.0, 0.0, 0.0, 80000.0, 160000.0, 320000.0, -154080000.0, 1280000.0, 2560000.0, 5120000.0, 10240000.0, 20480000.0, 36480000.0], [0.0, 24640000.0, 0.0, 8320000.0, 0.0, 7680000.0, 0.0, 17440000.0, 0.0, 11520000.0, 0.0, 10240000.0, 0.0, 20480000.0, 0.0, 800000.0, 0.0, 1280000.0, 0.0, 27360000.0, 0.0, 12960000.0, 0.0, 37440000.0, 0.0, 68000000.0, 0.0, 0.0, 0.0, 0.0, 0.0, 0.0, 0.0, 0.0, 0.0, 0.0, 160000.0, 320000.0, 640000.0, 1280000.0, -306880000.0, 5120000.0, 10240000.0, 20480000.0, 40960000.0, 72960000.0], [0.0, 49280000.0, 0.0, 16640000.0, 0.0, 15360000.0, 0.0, 34880000.0, 0.0, 23040000.0, 0.0, 20480000.0, 0.0, 40960000.0, 0.0, 1600000.0, 0.0, 2560000.0, 0.0, 54720000.0, 0.0, 25920000.0, 0.0, 74880000.0, 0.0, 136000000.0, 0.0, 0.0, 0.0, 0.0, 0.0, 0.0, 0.0, 0.0, 0.0, 0.0, 320000.0, 640000.0, 1280000.0, 2560000.0, 5120000.0, -608640000.0, 20480000.0, 40960000.0, 81920000.0, 145920000.0], [0.0, 98560000.0, 0.0, 33280000.0, 0.0, 30720000.0, 0.0, 69760000.0, 0.0, 46080000.0, 0.0, 40960000.0, 0.0, 81920000.0, 0.0, 3200000.0, 0.0, 5120000.0, 0.0, 109440000.0, 0.0, 51840000.0, 0.0, 149760000.0, 0.0, 272000000.0, 0.0, 0.0, 0.0, 0.0, 0.0, 0.0, 0.0, 0.0, 0.0, 0.0, 640000.0, 1280000.0, 2560000.0, 5120000.0, 10240000.0, 20480000.0, -1196800000.0, 81920000.0, 163840000.0, 291840000.0], [0.0, 197120000.0, 0.0, 66560000.0, 0.0, 61440000.0, 0.0, 139520000.0, 0.0, 92160000.0, 0.0, 81920000.0, 0.0, 163840000.0, 0.0, 6400000.0, 0.0, 10240000.0, 0.0, 218880000.0, 0.0, 103680000.0, 0.0, 299520000.0, 0.0, 544000000.0, 0.0, 0.0, 0.0, 0.0, 0.0, 0.0, 0.0, 0.0, 0.0, 0.0, 1280000.0, 2560000.0, 5120000.0, 10240000.0, 20480000.0, 40960000.0, 81920000.0, -2311680000.0, 327680000.0, 583680000.0], [0.0, 394240000.0, 0.0, 133120000.0, 0.0, 122880000.0, 0.0, 279040000.0, 0.0, 184320000.0, 0.0, 163840000.0, 0.0, 327680000.0, 0.0, 12800000.0, 0.0, 20480000.0, 0.0, 437760000.0, 0.0, 207360000.0, 0.0, 599040000.0, 0.0, 1088000000.0, 0.0, 0.0, 0.0, 0.0, 0.0, 0.0, 0.0, 0.0, 0.0, 0.0, 2560000.0, 5120000.0, 10240000.0, 20480000.0, 40960000.0, 81920000.0, 163840000.0, 327680000.0, -4295680000.0, 1167360000.0], [0.0, 702240000.0, 0.0, 237120000.0, 0.0, 218880000.0, 0.0, 497040000.0, 0.0, 328320000.0, 0.0, 291840000.0, 0.0, 583680000.0, 0.0, 22800000.0, 0.0, 36480000.0, 0.0, 779760000.0, 0.0, 369360000.0, 0.0, 1067040000.0, 0.0, 1938000000.0, 0.0, 0.0, 0.0, 0.0, 0.0, 0.0, 0.0, 0.0, 0.0, 0.0, 4560000.0, 9120000.0, 18240000.0, 36480000.0, 72960000.0, 145920000.0, 291840000.0, 583680000.0, 1167360000.0, -6739680000.0]]"
  },
  "variable_mappings": [
    {
      "machine_id": 24,
      "machine_name_convenience_only": "GP260",
      "dieset_id": 8,
      "dieset_number_convenience_only": "4984449, 4984462",
      "variable_id": 0,
      "variable_name_convenience_only": "md_GP260_4984449, 4984462"
    },
    {
      "machine_id": 27,
      "machine_name_convenience_only": "GP640",
      "dieset_id": 8,
      "dieset_number_convenience_only": "4984449, 4984462",
      "variable_id": 1,
      "variable_name_convenience_only": "md_GP640_4984449, 4984462"
    },
    {
      "machine_id": 24,
      "machine_name_convenience_only": "GP260",
      "dieset_id": 7,
      "dieset_number_convenience_only": "4984449, 5031550",
      "variable_id": 2,
      "variable_name_convenience_only": "md_GP260_4984449, 5031550"
    },
    {
      "machine_id": 27,
      "machine_name_convenience_only": "GP640",
      "dieset_id": 7,
      "dieset_number_convenience_only": "4984449, 5031550",
      "variable_id": 3,
      "variable_name_convenience_only": "md_GP640_4984449, 5031550"
    },
    {
      "machine_id": 24,
      "machine_name_convenience_only": "GP260",
      "dieset_id": 1,
      "dieset_number_convenience_only": "4985498",
      "variable_id": 4,
      "variable_name_convenience_only": "md_GP260_4985498"
    },
    {
      "machine_id": 27,
      "machine_name_convenience_only": "GP640",
      "dieset_id": 1,
      "dieset_number_convenience_only": "4985498",
      "variable_id": 5,
      "variable_name_convenience_only": "md_GP640_4985498"
    },
    {
      "machine_id": 24,
      "machine_name_convenience_only": "GP260",
      "dieset_id": 3,
      "dieset_number_convenience_only": "5090393",
      "variable_id": 6,
      "variable_name_convenience_only": "md_GP260_5090393"
    },
    {
      "machine_id": 27,
      "machine_name_convenience_only": "GP640",
      "dieset_id": 3,
      "dieset_number_convenience_only": "5090393",
      "variable_id": 7,
      "variable_name_convenience_only": "md_GP640_5090393"
    },
    {
      "machine_id": 24,
      "machine_name_convenience_only": "GP260",
      "dieset_id": 22,
      "dieset_number_convenience_only": "5101959",
      "variable_id": 8,
      "variable_name_convenience_only": "md_GP260_5101959"
    },
    {
      "machine_id": 27,
      "machine_name_convenience_only": "GP640",
      "dieset_id": 22,
      "dieset_number_convenience_only": "5101959",
      "variable_id": 9,
      "variable_name_convenience_only": "md_GP640_5101959"
    },
    {
      "machine_id": 24,
      "machine_name_convenience_only": "GP260",
      "dieset_id": 24,
      "dieset_number_convenience_only": "5102992",
      "variable_id": 10,
      "variable_name_convenience_only": "md_GP260_5102992"
    },
    {
      "machine_id": 27,
      "machine_name_convenience_only": "GP640",
      "dieset_id": 24,
      "dieset_number_convenience_only": "5102992",
      "variable_id": 11,
      "variable_name_convenience_only": "md_GP640_5102992"
    },
    {
      "machine_id": 24,
      "machine_name_convenience_only": "GP260",
      "dieset_id": 11,
      "dieset_number_convenience_only": "5103015",
      "variable_id": 12,
      "variable_name_convenience_only": "md_GP260_5103015"
    },
    {
      "machine_id": 27,
      "machine_name_convenience_only": "GP640",
      "dieset_id": 11,
      "dieset_number_convenience_only": "5103015",
      "variable_id": 13,
      "variable_name_convenience_only": "md_GP640_5103015"
    },
    {
      "machine_id": 24,
      "machine_name_convenience_only": "GP260",
      "dieset_id": 9,
      "dieset_number_convenience_only": "5448237",
      "variable_id": 14,
      "variable_name_convenience_only": "md_GP260_5448237"
    },
    {
      "machine_id": 27,
      "machine_name_convenience_only": "GP640",
      "dieset_id": 9,
      "dieset_number_convenience_only": "5448237",
      "variable_id": 15,
      "variable_name_convenience_only": "md_GP640_5448237"
    },
    {
      "machine_id": 24,
      "machine_name_convenience_only": "GP260",
      "dieset_id": 0,
      "dieset_number_convenience_only": "5457220",
      "variable_id": 16,
      "variable_name_convenience_only": "md_GP260_5457220"
    },
    {
      "machine_id": 27,
      "machine_name_convenience_only": "GP640",
      "dieset_id": 0,
      "dieset_number_convenience_only": "5457220",
      "variable_id": 17,
      "variable_name_convenience_only": "md_GP640_5457220"
    },
    {
      "machine_id": 24,
      "machine_name_convenience_only": "GP260",
      "dieset_id": 13,
      "dieset_number_convenience_only": "5709958",
      "variable_id": 18,
      "variable_name_convenience_only": "md_GP260_5709958"
    },
    {
      "machine_id": 27,
      "machine_name_convenience_only": "GP640",
      "dieset_id": 13,
      "dieset_number_convenience_only": "5709958",
      "variable_id": 19,
      "variable_name_convenience_only": "md_GP640_5709958"
    },
    {
      "machine_id": 24,
      "machine_name_convenience_only": "GP260",
      "dieset_id": 20,
      "dieset_number_convenience_only": "5717907",
      "variable_id": 20,
      "variable_name_convenience_only": "md_GP260_5717907"
    },
    {
      "machine_id": 27,
      "machine_name_convenience_only": "GP640",
      "dieset_id": 20,
      "dieset_number_convenience_only": "5717907",
      "variable_id": 21,
      "variable_name_convenience_only": "md_GP640_5717907"
    },
    {
      "machine_id": 24,
      "machine_name_convenience_only": "GP260",
      "dieset_id": 2,
      "dieset_number_convenience_only": "5718733, 5718701",
      "variable_id": 22,
      "variable_name_convenience_only": "md_GP260_5718733, 5718701"
    },
    {
      "machine_id": 27,
      "machine_name_convenience_only": "GP640",
      "dieset_id": 2,
      "dieset_number_convenience_only": "5718733, 5718701",
      "variable_id": 23,
      "variable_name_convenience_only": "md_GP640_5718733, 5718701"
    },
    {
      "machine_id": 24,
      "machine_name_convenience_only": "GP260",
      "dieset_id": 5,
      "dieset_number_convenience_only": "5801397",
      "variable_id": 24,
      "variable_name_convenience_only": "md_GP260_5801397"
    },
    {
      "machine_id": 27,
      "machine_name_convenience_only": "GP640",
      "dieset_id": 5,
      "dieset_number_convenience_only": "5801397",
      "variable_id": 25,
      "variable_name_convenience_only": "md_GP640_5801397"
    }
  ],
  "model": {
    "dieset_choices": [
      {
        "dieset_id": 17,
        "dieset_number": "3002866",
        "machine_choices": [
          {
            "choice_name": "Put Dieset 3002866 on machine GP260",
            "machine": {
              "machine_id": 24,
              "machine_name": "GP260",
              "max_capacity_hours_per_timeslice": 2509.6136761032312,
              "max_capacity_constraint": {
                "constraint_name": "Max Capacity Machine GP260",
                "weight": 1.0
              },
              "cost_reallocation_euro": 10000.0
            },
            "work_required_hours": 16.494873808587574,
            "work_cost": 29872.2164673521,
            "transport_cost": 0.0,
            "transport_costs_breakdown": [
              {
                "location_id": 2,
                "location_name": "Dingolfing",
                "truckloads": 12.0,
                "transport_rate_euro_per_truck_per_km": 999.0,
                "distance_km": 0.0,
                "costs": 0.0
              }
            ]
          }
        ],
        "assign_exactly_once_constraint": null
      },
      {
        "dieset_id": 18,
        "dieset_number": "3002878",
        "machine_choices": [
          {
            "choice_name": "Put Dieset 3002878 on machine GP260",
            "machine": {
              "machine_id": 24,
              "machine_name": "GP260",
              "max_capacity_hours_per_timeslice": 2509.6136761032312,
              "max_capacity_constraint": {
                "constraint_name": "Max Capacity Machine GP260",
                "weight": 1.0
              },
              "cost_reallocation_euro": 10000.0
            },
            "work_required_hours": 15.959502279928897,
            "work_cost": 28902.65862895123,
            "transport_cost": 0.0,
            "transport_costs_breakdown": [
              {
                "location_id": 2,
                "location_name": "Dingolfing",
                "truckloads": 6.0,
                "transport_rate_euro_per_truck_per_km": 999.0,
                "distance_km": 0.0,
                "costs": 0.0
              }
            ]
          }
        ],
        "assign_exactly_once_constraint": null
      },
      {
        "dieset_id": 23,
        "dieset_number": "3002931",
        "machine_choices": [
          {
            "choice_name": "Put Dieset 3002931 on machine GP260",
            "machine": {
              "machine_id": 24,
              "machine_name": "GP260",
              "max_capacity_hours_per_timeslice": 2509.6136761032312,
              "max_capacity_constraint": {
                "constraint_name": "Max Capacity Machine GP260",
                "weight": 1.0
              },
              "cost_reallocation_euro": 10000.0
            },
            "work_required_hours": 15.61413059915918,
            "work_cost": 28277.190515077276,
            "transport_cost": 0.0,
            "transport_costs_breakdown": [
              {
                "location_id": 2,
                "location_name": "Dingolfing",
                "truckloads": 31.0,
                "transport_rate_euro_per_truck_per_km": 999.0,
                "distance_km": 0.0,
                "costs": 0.0
              }
            ]
          }
        ],
        "assign_exactly_once_constraint": null
      },
      {
        "dieset_id": 15,
        "dieset_number": "3002943",
        "machine_choices": [
          {
            "choice_name": "Put Dieset 3002943 on machine GP260",
            "machine": {
              "machine_id": 24,
              "machine_name": "GP260",
              "max_capacity_hours_per_timeslice": 2509.6136761032312,
              "max_capacity_constraint": {
                "constraint_name": "Max Capacity Machine GP260",
                "weight": 1.0
              },
              "cost_reallocation_euro": 10000.0
            },
            "work_required_hours": 16.431924882629104,
            "work_cost": 29758.215962441307,
            "transport_cost": 0.0,
            "transport_costs_breakdown": [
              {
                "location_id": 2,
                "location_name": "Dingolfing",
                "truckloads": 31.0,
                "transport_rate_euro_per_truck_per_km": 999.0,
                "distance_km": 0.0,
                "costs": 0.0
              }
            ]
          }
        ],
        "assign_exactly_once_constraint": null
      },
      {
        "dieset_id": 27,
        "dieset_number": "3003468",
        "machine_choices": [
          {
            "choice_name": "Put Dieset 3003468 on machine GP260",
            "machine": {
              "machine_id": 24,
              "machine_name": "GP260",
              "max_capacity_hours_per_timeslice": 2509.6136761032312,
              "max_capacity_constraint": {
                "constraint_name": "Max Capacity Machine GP260",
                "weight": 1.0
              },
              "cost_reallocation_euro": 10000.0
            },
            "work_required_hours": 24.59894727551633,
            "work_cost": 44548.69351596008,
            "transport_cost": 0.0,
            "transport_costs_breakdown": [
              {
                "location_id": 2,
                "location_name": "Dingolfing",
                "truckloads": 78.0,
                "transport_rate_euro_per_truck_per_km": 999.0,
                "distance_km": 0.0,
                "costs": 0.0
              }
            ]
          }
        ],
        "assign_exactly_once_constraint": null
      },
      {
        "dieset_id": 26,
        "dieset_number": "3003701",
        "machine_choices": [
          {
            "choice_name": "Put Dieset 3003701 on machine GP260",
            "machine": {
              "machine_id": 24,
              "machine_name": "GP260",
              "max_capacity_hours_per_timeslice": 2509.6136761032312,
              "max_capacity_constraint": {
                "constraint_name": "Max Capacity Machine GP260",
                "weight": 1.0
              },
              "cost_reallocation_euro": 10000.0
            },
            "work_required_hours": 24.703562685494223,
            "work_cost": 44738.15202343003,
            "transport_cost": 0.0,
            "transport_costs_breakdown": [
              {
                "location_id": 2,
                "location_name": "Dingolfing",
                "truckloads": 22.0,
                "transport_rate_euro_per_truck_per_km": 999.0,
                "distance_km": 0.0,
                "costs": 0.0
              }
            ]
          }
        ],
        "assign_exactly_once_constraint": null
      },
      {
        "dieset_id": 19,
        "dieset_number": "4980181",
        "machine_choices": [
          {
            "choice_name": "Put Dieset 4980181 on machine GP260",
            "machine": {
              "machine_id": 24,
              "machine_name": "GP260",
              "max_capacity_hours_per_timeslice": 2509.6136761032312,
              "max_capacity_constraint": {
                "constraint_name": "Max Capacity Machine GP260",
                "weight": 1.0
              },
              "cost_reallocation_euro": 10000.0
            },
            "work_required_hours": 126.70397256233355,
            "work_cost": 229460.89431038604,
            "transport_cost": 0.0,
            "transport_costs_breakdown": [
              {
                "location_id": 2,
                "location_name": "Dingolfing",
                "truckloads": 182.0,
                "transport_rate_euro_per_truck_per_km": 999.0,
                "distance_km": 0.0,
                "costs": 0.0
              }
            ]
          }
        ],
        "assign_exactly_once_constraint": null
      },
      {
        "dieset_id": 14,
        "dieset_number": "4983105",
        "machine_choices": [
          {
            "choice_name": "Put Dieset 4983105 on machine GP260",
            "machine": {
              "machine_id": 24,
              "machine_name": "GP260",
              "max_capacity_hours_per_timeslice": 2509.6136761032312,
              "max_capacity_constraint": {
                "constraint_name": "Max Capacity Machine GP260",
                "weight": 1.0
              },
              "cost_reallocation_euro": 10000.0
            },
            "work_required_hours": 58.102977097390514,
            "work_cost": 105224.4915233742,
            "transport_cost": 0.0,
            "transport_costs_breakdown": [
              {
                "location_id": 2,
                "location_name": "Dingolfing",
                "truckloads": 38.0,
                "transport_rate_euro_per_truck_per_km": 999.0,
                "distance_km": 0.0,
                "costs": 0.0
              }
            ]
          }
        ],
        "assign_exactly_once_constraint": null
      },
      {
        "dieset_id": 4,
        "dieset_number": "4984418",
        "machine_choices": [
          {
            "choice_name": "Put Dieset 4984418 on machine GP260",
            "machine": {
              "machine_id": 24,
              "machine_name": "GP260",
              "max_capacity_hours_per_timeslice": 2509.6136761032312,
              "max_capacity_constraint": {
                "constraint_name": "Max Capacity Machine GP260",
                "weight": 1.0
              },
              "cost_reallocation_euro": 10000.0
            },
            "work_required_hours": 254.79478776529336,
            "work_cost": 461433.3606429463,
            "transport_cost": 127573.04000000001,
            "transport_costs_breakdown": [
              {
                "location_id": 26,
                "location_name": "MSF",
                "truckloads": 188.0,
                "transport_rate_euro_per_truck_per_km": 1.31,
                "distance_km": 518.0,
                "costs": 127573.04000000001
              },
              {
                "location_id": 2,
                "location_name": "Dingolfing",
                "truckloads": 358.0,
                "transport_rate_euro_per_truck_per_km": 999.0,
                "distance_km": 0.0,
                "costs": 0.0
              }
            ]
          }
        ],
        "assign_exactly_once_constraint": null
      },
      {
        "dieset_id": 8,
        "dieset_number": "4984449, 4984462",
        "machine_choices": [
          {
            "choice_name": "Put Dieset 4984449, 4984462 on machine GP260",
            "machine": {
              "machine_id": 24,
              "machine_name": "GP260",
              "max_capacity_hours_per_timeslice": 2509.6136761032312,
              "max_capacity_constraint": {
                "constraint_name": "Max Capacity Machine GP260",
