{
  "qubo": {
    "id": 0,
    "name": "MachineDiesetProblem",
    "variables": [
      {
        "id": 0,
        "name": "0",
        "slack": false
      },
      {
        "id": 1,
        "name": "1",
        "slack": false
      },
      {
        "id": 2,
        "name": "2",
        "slack": false
      },
      {
        "id": 3,
        "name": "3",
        "slack": false
      },
      {
        "id": 4,
        "name": "4",
        "slack": false
      },
      {
        "id": 5,
        "name": "5",
        "slack": false
      },
      {
        "id": 6,
        "name": "6",
        "slack": false
      },
      {
        "id": 7,
        "name": "7",
        "slack": false
      },
      {
        "id": 8,
        "name": "8",
        "slack": false
      },
      {
        "id": 9,
        "name": "9",
        "slack": false
      },
      {
        "id": 10,
        "name": "10",
        "slack": false
      },
      {
        "id": 11,
        "name": "11",
        "slack": false
      },
      {
        "id": 12,
        "name": "12",
        "slack": false
      },
      {
        "id": 13,
        "name": "13",
        "slack": false
      },
      {
        "id": 14,
        "name": "14",
        "slack": false
      },
      {
        "id": 15,
        "name": "15",
        "slack": false
      },
      {
        "id": 16,
        "name": "16",
        "slack": false
      },
      {
        "id": 17,
        "name": "17",
        "slack": false
      },
      {
        "id": 18,
        "name": "18",
        "slack": false
      },
      {
        "id": 19,
        "name": "19",
        "slack": false
      },
      {
        "id": 20,
        "name": "20",
        "slack": false
      },
      {
        "id": 21,
        "name": "21",
        "slack": false
      },
      {
        "id": 22,
        "name": "22",
        "slack": false
      },
      {
        "id": 23,
        "name": "23",
        "slack": false
      },
      {
        "id": 24,
        "name": "24",
        "slack": false
      },
      {
        "id": 25,
        "name": "25",
        "slack": false
      },
      {
        "id": 26,
        "name": "26",
        "slack": false
      },
      {
        "id": 27,
        "name": "27",
        "slack": false
      },
      {
        "id": 28,
        "name": "28",
        "slack": false
      },
      {
        "id": 29,
        "name": "29",
        "slack": false
      },
      {
        "id": 30,
        "name": "30",
        "slack": false
      },
      {
        "id": 31,
        "name": "31",
        "slack": false
      },
      {
        "id": 32,
        "name": "32",
        "slack": false
      },
      {
        "id": 33,
        "name": "33",
        "slack": false
      },
      {
        "id": 34,
        "name": "34",
        "slack": false
      },
      {
        "id": 35,
        "name": "35",
        "slack": false
      },
      {
        "id": 36,
        "name": "capacity_constraint_machine_24@int_slack@0",
        "slack": true
      },
      {
        "id": 37,
        "name": "capacity_constraint_machine_24@int_slack@1",
        "slack": true
      },
      {
        "id": 38,
        "name": "capacity_constraint_machine_24@int_slack@2",
        "slack": true
      },
      {
        "id": 39,
        "name": "capacity_constraint_machine_24@int_slack@3",
        "slack": true
      },
      {
        "id": 40,
        "name": "capacity_constraint_machine_24@int_slack@4",
        "slack": true
      },
      {
        "id": 41,
        "name": "capacity_constraint_machine_24@int_slack@5",
        "slack": true
      },
      {
        "id": 42,
        "name": "capacity_constraint_machine_24@int_slack@6",
        "slack": true
      },
      {
        "id": 43,
        "name": "capacity_constraint_machine_24@int_slack@7",
        "slack": true
      },
      {
        "id": 44,
        "name": "capacity_constraint_machine_24@int_slack@8",
        "slack": true
      },
      {
        "id": 45,
        "name": "capacity_constraint_machine_24@int_slack@9",
        "slack": true
      },
      {
        "id": 46,
        "name": "capacity_constraint_machine_24@int_slack@10",
        "slack": true
      },
      {
        "id": 47,
        "name": "capacity_constraint_machine_27@int_slack@0",
        "slack": true
      },
      {
        "id": 48,
        "name": "capacity_constraint_machine_27@int_slack@1",
        "slack": true
      },
      {
        "id": 49,
        "name": "capacity_constraint_machine_27@int_slack@2",
        "slack": true
      },
      {
        "id": 50,
        "name": "capacity_constraint_machine_27@int_slack@3",
        "slack": true
      },
      {
        "id": 51,
        "name": "capacity_constraint_machine_27@int_slack@4",
        "slack": true
      },
      {
        "id": 52,
        "name": "capacity_constraint_machine_27@int_slack@5",
        "slack": true
      },
      {
        "id": 53,
        "name": "capacity_constraint_machine_27@int_slack@6",
        "slack": true
      },
      {
        "id": 54,
        "name": "capacity_constraint_machine_27@int_slack@7",
        "slack": true
      },
      {
        "id": 55,
        "name": "capacity_constraint_machine_27@int_slack@8",
        "slack": true
      },
      {
        "id": 56,
        "name": "capacity_constraint_machine_27@int_slack@9",
        "slack": true
      },
      {
        "id": 57,
        "name": "capacity_constraint_machine_27@int_slack@10",
        "slack": true
      }
    ],
    "constant": 3101425000.0,
    "matrix": "[[-330634809.0, 10000000.0, 8008000.0, 0.0, 7392000.0, 0.0, 16786000.0, 0.0, 11088000.0, 0.0, 9856000.0, 0.0, 19712000.0, 0.0, 770000.0, 0.0, 1232000.0, 0.0, 26334000.0, 0.0, 12474000.0, 0.0, 36036000.0, 0.0, 65450000.0, 0.0, 16940000.0, 0.0, 17864000.0, 0.0, 20020000.0, 0.0, 7238000.0, 0.0, 10010000.0, 0.0, 154000.0, 308000.0, 616000.0, 1232000.0, 2464000.0, 4928000.0, 9856000.0, 19712000.0, 39424000.0, 78848000.0, 14784000.0, 0.0, 0.0, 0.0, 0.0, 0.0, 0.0, 0.0, 0.0, 0.0, 0.0, 0.0], [10000000.0, -383982593.0, 0.0, 8008000.0, 0.0, 7392000.0, 0.0, 16786000.0, 0.0, 11088000.0, 0.0, 9856000.0, 0.0, 19712000.0, 0.0, 770000.0, 0.0, 1232000.0, 0.0, 26334000.0, 0.0, 12474000.0, 0.0, 36036000.0, 0.0, 65450000.0, 0.0, 16940000.0, 0.0, 17864000.0, 0.0, 20020000.0, 0.0, 7238000.0, 0.0, 10010000.0, 0.0, 0.0, 0.0, 0.0, 0.0, 0.0, 0.0, 0.0, 0.0, 0.0, 0.0, 154000.0, 308000.0, 616000.0, 1232000.0, 2464000.0, 4928000.0, 9856000.0, 19712000.0, 39424000.0, 78848000.0, 41426000.0], [8008000.0, 0.0, -123579318.0, 10000000.0, 2496000.0, 0.0, 5668000.0, 0.0, 3744000.0, 0.0, 3328000.0, 0.0, 6656000.0, 0.0, 260000.0, 0.0, 416000.0, 0.0, 8892000.0, 0.0, 4212000.0, 0.0, 12168000.0, 0.0, 22100000.0, 0.0, 5720000.0, 0.0, 6032000.0, 0.0, 6760000.0, 0.0, 2444000.0, 0.0, 3380000.0, 0.0, 52000.0, 104000.0, 208000.0, 416000.0, 832000.0, 1664000.0, 3328000.0, 6656000.0, 13312000.0, 26624000.0, 4992000.0, 0.0, 0.0, 0.0, 0.0, 0.0, 0.0, 0.0, 0.0, 0.0, 0.0, 0.0], [0.0, 8008000.0, 10000000.0, -141589867.0, 0.0, 2496000.0, 0.0, 5668000.0, 0.0, 3744000.0, 0.0, 3328000.0, 0.0, 6656000.0, 0.0, 260000.0, 0.0, 416000.0, 0.0, 8892000.0, 0.0, 4212000.0, 0.0, 12168000.0, 0.0, 22100000.0, 0.0, 5720000.0, 0.0, 6032000.0, 0.0, 6760000.0, 0.0, 2444000.0, 0.0, 3380000.0, 0.0, 0.0, 0.0, 0.0, 0.0, 0.0, 0.0, 0.0, 0.0, 0.0, 0.0, 52000.0, 104000.0, 208000.0, 416000.0, 832000.0, 1664000.0, 3328000.0, 6656000.0, 13312000.0, 26624000.0, 13988000.0], [7392000.0, 0.0, 2496000.0, 0.0, -115034250.0, 10000000.0, 5232000.0, 0.0, 3456000.0, 0.0, 3072000.0, 0.0, 6144000.0, 0.0, 240000.0, 0.0, 384000.0, 0.0, 8208000.0, 0.0, 3888000.0, 0.0, 11232000.0, 0.0, 20400000.0, 0.0, 5280000.0, 0.0, 5568000.0, 0.0, 6240000.0, 0.0, 2256000.0, 0.0, 3120000.0, 0.0, 48000.0, 96000.0, 192000.0, 384000.0, 768000.0, 1536000.0, 3072000.0, 6144000.0, 12288000.0, 24576000.0, 4608000.0, 0.0, 0.0, 0.0, 0.0, 0.0, 0.0, 0.0, 0.0, 0.0, 0.0, 0.0], [0.0, 7392000.0, 0.0, 2496000.0, 10000000.0, -131659843.0, 0.0, 5232000.0, 0.0, 3456000.0, 0.0, 3072000.0, 0.0, 6144000.0, 0.0, 240000.0, 0.0, 384000.0, 0.0, 8208000.0, 0.0, 3888000.0, 0.0, 11232000.0, 0.0, 20400000.0, 0.0, 5280000.0, 0.0, 5568000.0, 0.0, 6240000.0, 0.0, 2256000.0, 0.0, 3120000.0, 0.0, 0.0, 0.0, 0.0, 0.0, 0.0, 0.0, 0.0, 0.0, 0.0, 0.0, 48000.0, 96000.0, 192000.0, 384000.0, 768000.0, 1536000.0, 3072000.0, 6144000.0, 12288000.0, 24576000.0, 12912000.0], [16786000.0, 0.0, 5668000.0, 0.0, 5232000.0, 0.0, -241854595.0, 10000000.0, 7848000.0, 0.0, 6976000.0, 0.0, 13952000.0, 0.0, 545000.0, 0.0, 872000.0, 0.0, 18639000.0, 0.0, 8829000.0, 0.0, 25506000.0, 0.0, 46325000.0, 0.0, 11990000.0, 0.0, 12644000.0, 0.0, 14170000.0, 0.0, 5123000.0, 0.0, 7085000.0, 0.0, 109000.0, 218000.0, 436000.0, 872000.0, 1744000.0, 3488000.0, 6976000.0, 13952000.0, 27904000.0, 55808000.0, 10464000.0, 0.0, 0.0, 0.0, 0.0, 0.0, 0.0, 0.0, 0.0, 0.0, 0.0, 0.0], [0.0, 16786000.0, 0.0, 5668000.0, 0.0, 5232000.0, 10000000.0, -279622440.0, 0.0, 7848000.0, 0.0, 6976000.0, 0.0, 13952000.0, 0.0, 545000.0, 0.0, 872000.0, 0.0, 18639000.0, 0.0, 8829000.0, 0.0, 25506000.0, 0.0, 46325000.0, 0.0, 11990000.0, 0.0, 12644000.0, 0.0, 14170000.0, 0.0, 5123000.0, 0.0, 7085000.0, 0.0, 0.0, 0.0, 0.0, 0.0, 0.0, 0.0, 0.0, 0.0, 0.0, 0.0, 109000.0, 218000.0, 436000.0, 872000.0, 1744000.0, 3488000.0, 6976000.0, 13952000.0, 27904000.0, 55808000.0, 29321000.0], [11088000.0, 0.0, 3744000.0, 0.0, 3456000.0, 0.0, 7848000.0, 0.0, -165821733.0, 10000000.0, 4608000.0, 0.0, 9216000.0, 0.0, 360000.0, 0.0, 576000.0, 0.0, 12312000.0, 0.0, 5832000.0, 0.0, 16848000.0, 0.0, 30600000.0, 0.0, 7920000.0, 0.0, 8352000.0, 0.0, 9360000.0, 0.0, 3384000.0, 0.0, 4680000.0, 0.0, 72000.0, 144000.0, 288000.0, 576000.0, 1152000.0, 2304000.0, 4608000.0, 9216000.0, 18432000.0, 36864000.0, 6912000.0, 0.0, 0.0, 0.0, 0.0, 0.0, 0.0, 0.0, 0.0, 0.0, 0.0, 0.0], [0.0, 11088000.0, 0.0, 3744000.0, 0.0, 3456000.0, 0.0, 7848000.0, 10000000.0, -190763326.0, 0.0, 4608000.0, 0.0, 9216000.0, 0.0, 360000.0, 0.0, 576000.0, 0.0, 12312000.0, 0.0, 5832000.0, 0.0, 16848000.0, 0.0, 30600000.0, 0.0, 7920000.0, 0.0, 8352000.0, 0.0, 9360000.0, 0.0, 3384000.0, 0.0, 4680000.0, 0.0, 0.0, 0.0, 0.0, 0.0, 0.0, 0.0, 0.0, 0.0, 0.0, 0.0, 72000.0, 144000.0, 288000.0, 576000.0, 1152000.0, 2304000.0, 4608000.0, 9216000.0, 18432000.0, 36864000.0, 19368000.0], [9856000.0, 0.0, 3328000.0, 0.0, 3072000.0, 0.0, 6976000.0, 0.0, 4608000.0, 0.0, -149019091.0, 10000000.0, 8192000.0, 0.0, 320000.0, 0.0, 512000.0, 0.0, 10944000.0, 0.0, 5184000.0, 0.0, 14976000.0, 0.0, 27200000.0, 0.0, 7040000.0, 0.0, 7424000.0, 0.0, 8320000.0, 0.0, 3008000.0, 0.0, 4160000.0, 0.0, 64000.0, 128000.0, 256000.0, 512000.0, 1024000.0, 2048000.0, 4096000.0, 8192000.0, 16384000.0, 32768000.0, 6144000.0, 0.0, 0.0, 0.0, 0.0, 0.0, 0.0, 0.0, 0.0, 0.0, 0.0, 0.0], [0.0, 9856000.0, 0.0, 3328000.0, 0.0, 3072000.0, 0.0, 6976000.0, 0.0, 4608000.0, 10000000.0, -171190158.0, 0.0, 8192000.0, 0.0, 320000.0, 0.0, 512000.0, 0.0, 10944000.0, 0.0, 5184000.0, 0.0, 14976000.0, 0.0, 27200000.0, 0.0, 7040000.0, 0.0, 7424000.0, 0.0, 8320000.0, 0.0, 3008000.0, 0.0, 4160000.0, 0.0, 0.0, 0.0, 0.0, 0.0, 0.0, 0.0, 0.0, 0.0, 0.0, 0.0, 64000.0, 128000.0, 256000.0, 512000.0, 1024000.0, 2048000.0, 4096000.0, 8192000.0, 16384000.0, 32768000.0, 17216000.0], [19712000.0, 0.0, 6656000.0, 0.0, 6144000.0, 0.0, 13952000.0, 0.0, 9216000.0, 0.0, 8192000.0, 0.0, -278614457.0, 10000000.0, 640000.0, 0.0, 1024000.0, 0.0, 21888000.0, 0.0, 10368000.0, 0.0, 29952000.0, 0.0, 54400000.0, 0.0, 14080000.0, 0.0, 14848000.0, 0.0, 16640000.0, 0.0, 6016000.0, 0.0, 8320000.0, 0.0, 128000.0, 256000.0, 512000.0, 1024000.0, 2048000.0, 4096000.0, 8192000.0, 16384000.0, 32768000.0, 65536000.0, 12288000.0, 0.0, 0.0, 0.0, 0.0, 0.0, 0.0, 0.0, 0.0, 0.0, 0.0, 0.0], [0.0, 19712000.0, 0.0, 6656000.0, 0.0, 6144000.0, 0.0, 13952000.0, 0.0, 9216000.0, 0.0, 8192000.0, 10000000.0, -322965144.0, 0.0, 640000.0, 0.0, 1024000.0, 0.0, 21888000.0, 0.0, 10368000.0, 0.0, 29952000.0, 0.0, 54400000.0, 0.0, 14080000.0, 0.0, 14848000.0, 0.0, 16640000.0, 0.0, 6016000.0, 0.0, 8320000.0, 0.0, 0.0, 0.0, 0.0, 0.0, 0.0, 0.0, 0.0, 0.0, 0.0, 0.0, 128000.0, 256000.0, 512000.0, 1024000.0, 2048000.0, 4096000.0, 8192000.0, 16384000.0, 32768000.0, 65536000.0, 34432000.0], [770000.0, 0.0, 260000.0, 0.0, 240000.0, 0.0, 545000.0, 0.0, 360000.0, 0.0, 320000.0, 0.0, 640000.0, 0.0, -21153125.0, 10000000.0, 40000.0, 0.0, 855000.0, 0.0, 405000.0, 0.0, 1170000.0, 0.0, 2125000.0, 0.0, 550000.0, 0.0, 580000.0, 0.0, 650000.0, 0.0, 235000.0, 0.0, 325000.0, 0.0, 5000.0, 10000.0, 20000.0, 40000.0, 80000.0, 160000.0, 320000.0, 640000.0, 1280000.0, 2560000.0, 480000.0, 0.0, 0.0, 0.0, 0.0, 0.0, 0.0, 0.0, 0.0, 0.0, 0.0, 0.0], [0.0, 770000.0, 0.0, 260000.0, 0.0, 240000.0, 0.0, 545000.0, 0.0, 360000.0, 0.0, 320000.0, 0.0, 640000.0, 10000000.0, -22885508.0, 0.0, 40000.0, 0.0, 855000.0, 0.0, 405000.0, 0.0, 1170000.0, 0.0, 2125000.0, 0.0, 550000.0, 0.0, 580000.0, 0.0, 650000.0, 0.0, 235000.0, 0.0, 325000.0, 0.0, 0.0, 0.0, 0.0, 0.0, 0.0, 0.0, 0.0, 0.0, 0.0, 0.0, 5000.0, 10000.0, 20000.0, 40000.0, 80000.0, 160000.0, 320000.0, 640000.0, 1280000.0, 2560000.0, 1345000.0], [1232000.0, 0.0, 416000.0, 0.0, 384000.0, 0.0, 872000.0, 0.0, 576000.0, 0.0, 512000.0, 0.0, 1024000.0, 0.0, 40000.0, 0.0, -27825673.0, 10000000.0, 1368000.0, 0.0, 648000.0, 0.0, 1872000.0, 0.0, 3400000.0, 0.0, 880000.0, 0.0, 928000.0, 0.0, 1040000.0, 0.0, 376000.0, 0.0, 520000.0, 0.0, 8000.0, 16000.0, 32000.0, 64000.0, 128000.0, 256000.0, 512000.0, 1024000.0, 2048000.0, 4096000.0, 768000.0, 0.0, 0.0, 0.0, 0.0, 0.0, 0.0, 0.0, 0.0, 0.0, 0.0, 0.0], [0.0, 1232000.0, 0.0, 416000.0, 0.0, 384000.0, 0.0, 872000.0, 0.0, 576000.0, 0.0, 512000.0, 0.0, 1024000.0, 0.0, 40000.0, 10000000.0, -30596778.0, 0.0, 1368000.0, 0.0, 648000.0, 0.0, 1872000.0, 0.0, 3400000.0, 0.0, 880000.0, 0.0, 928000.0, 0.0, 1040000.0, 0.0, 376000.0, 0.0, 520000.0, 0.0, 0.0, 0.0, 0.0, 0.0, 0.0, 0.0, 0.0, 0.0, 0.0, 0.0, 8000.0, 16000.0, 32000.0, 64000.0, 128000.0, 256000.0, 512000.0, 1024000.0, 2048000.0, 4096000.0, 2152000.0], [26334000.0, 0.0, 8892000.0, 0.0, 8208000.0, 0.0, 18639000.0, 0.0, 12312000.0, 0.0, 10944000.0, 0.0, 21888000.0, 0.0, 855000.0, 0.0, 1368000.0, 0.0, -363136630.0, 10000000.0, 13851000.0, 0.0, 40014000.0, 0.0, 72675000.0, 0.0, 18810000.0, 0.0, 19836000.0, 0.0, 22230000.0, 0.0, 8037000.0, 0.0, 11115000.0, 0.0, 171000.0, 342000.0, 684000.0, 1368000.0, 2736000.0, 5472000.0, 10944000.0, 21888000.0, 43776000.0, 87552000.0, 16416000.0, 0.0, 0.0, 0.0, 0.0, 0.0, 0.0, 0.0, 0.0, 0.0, 0.0, 0.0], [0.0, 26334000.0, 0.0, 8892000.0, 0.0, 8208000.0, 0.0, 18639000.0, 0.0, 12312000.0, 0.0, 10944000.0, 0.0, 21888000.0, 0.0, 855000.0, 0.0, 1368000.0, 10000000.0, -422369690.0, 0.0, 13851000.0, 0.0, 40014000.0, 0.0, 72675000.0, 0.0, 18810000.0, 0.0, 19836000.0, 0.0, 22230000.0, 0.0, 8037000.0, 0.0, 11115000.0, 0.0, 0.0, 0.0, 0.0, 0.0, 0.0, 0.0, 0.0, 0.0, 0.0, 0.0, 171000.0, 342000.0, 684000.0, 1368000.0, 2736000.0, 5472000.0, 10944000.0, 21888000.0, 43776000.0, 87552000.0, 45999000.0], [12474000.0, 0.0, 4212000.0, 0.0, 3888000.0, 0.0, 8829000.0, 0.0, 5832000.0, 0.0, 5184000.0, 0.0, 10368000.0, 0.0, 405000.0, 0.0, 648000.0, 0.0, 13851000.0, 0.0, -184568234.0, 10000000.0, 18954000.0, 0.0, 34425000.0, 0.0, 8910000.0, 0.0, 9396000.0, 0.0, 10530000.0, 0.0, 3807000.0, 0.0, 5265000.0, 0.0, 81000.0, 162000.0, 324000.0, 648000.0, 1296000.0, 2592000.0, 5184000.0, 10368000.0, 20736000.0, 41472000.0, 7776000.0, 0.0, 0.0, 0.0, 0.0, 0.0, 0.0, 0.0, 0.0, 0.0, 0.0, 0.0], [0.0, 12474000.0, 0.0, 4212000.0, 0.0, 3888000.0, 0.0, 8829000.0, 0.0, 5832000.0, 0.0, 5184000.0, 0.0, 10368000.0, 0.0, 405000.0, 0.0, 648000.0, 0.0, 13851000.0, 10000000.0, -212625937.0, 0.0, 18954000.0, 0.0, 34425000.0, 0.0, 8910000.0, 0.0, 9396000.0, 0.0, 10530000.0, 0.0, 3807000.0, 0.0, 5265000.0, 0.0, 0.0, 0.0, 0.0, 0.0, 0.0, 0.0, 0.0, 0.0, 0.0, 0.0, 81000.0, 162000.0, 324000.0, 648000.0, 1296000.0, 2592000.0, 5184000.0, 10368000.0, 20736000.0, 41472000.0, 21789000.0], [36036000.0, 0.0, 12168000.0, 0.0, 11232000.0, 0.0, 25506000.0, 0.0, 16848000.0, 0.0, 14976000.0, 0.0, 29952000.0, 0.0, 1170000.0, 0.0, 1872000.0, 0.0, 40014000.0, 0.0, 18954000.0, 0.0, -478199254.0, 10000000.0, 99450000.0, 0.0, 25740000.0, 0.0, 27144000.0, 0.0, 30420000.0, 0.0, 10998000.0, 0.0, 15210000.0, 0.0, 234000.0, 468000.0, 936000.0, 1872000.0, 3744000.0, 7488000.0, 14976000.0, 29952000.0, 59904000.0, 119808000.0, 22464000.0, 0.0, 0.0, 0.0, 0.0, 0.0, 0.0, 0.0, 0.0, 0.0, 0.0, 0.0], [0.0, 36036000.0, 0.0, 12168000.0, 0.0, 11232000.0, 0.0, 25506000.0, 0.0, 16848000.0, 0.0, 14976000.0, 0.0, 29952000.0, 0.0, 1170000.0, 0.0, 1872000.0, 0.0, 40014000.0, 0.0, 18954000.0, 10000000.0, -559257243.0, 0.0, 99450000.0, 0.0, 25740000.0, 0.0, 27144000.0, 0.0, 30420000.0, 0.0, 10998000.0, 0.0, 15210000.0, 0.0, 0.0, 0.0, 0.0, 0.0, 0.0, 0.0, 0.0, 0.0, 0.0, 0.0, 234000.0, 468000.0, 936000.0, 1872000.0, 3744000.0, 7488000.0, 14976000.0, 29952000.0, 59904000.0, 119808000.0, 62946000.0], [65450000.0, 0.0, 22100000.0, 0.0, 20400000.0, 0.0, 46325000.0, 0.0, 30600000.0, 0.0, 27200000.0, 0.0, 54400000.0, 0.0, 2125000.0, 0.0, 3400000.0, 0.0, 72675000.0, 0.0, 34425000.0, 0.0, 99450000.0, 0.0, -778521438.0, 10000000.0, 46750000.0, 0.0, 49300000.0, 0.0, 55250000.0, 0.0, 19975000.0, 0.0, 27625000.0, 0.0, 425000.0, 850000.0, 1700000.0, 3400000.0, 6800000.0, 13600000.0, 27200000.0, 54400000.0, 108800000.0, 217600000.0, 40800000.0, 0.0, 0.0, 0.0, 0.0, 0.0, 0.0, 0.0, 0.0, 0.0, 0.0, 0.0], [0.0, 65450000.0, 0.0, 22100000.0, 0.0, 20400000.0, 0.0, 46325000.0, 0.0, 30600000.0, 0.0, 27200000.0, 0.0, 54400000.0, 0.0, 2125000.0, 0.0, 3400000.0, 0.0, 72675000.0, 0.0, 34425000.0, 0.0, 99450000.0, 10000000.0, -925739776.0, 0.0, 46750000.0, 0.0, 49300000.0, 0.0, 55250000.0, 0.0, 19975000.0, 0.0, 27625000.0, 0.0, 0.0, 0.0, 0.0, 0.0, 0.0, 0.0, 0.0, 0.0, 0.0, 0.0, 425000.0, 850000.0, 1700000.0, 3400000.0, 6800000.0, 13600000.0, 27200000.0, 54400000.0, 108800000.0, 217600000.0, 114325000.0], [16940000.0, 0.0, 5720000.0, 0.0, 5280000.0, 0.0, 11990000.0, 0.0, 7920000.0, 0.0, 7040000.0, 0.0, 14080000.0, 0.0, 550000.0, 0.0, 880000.0, 0.0, 18810000.0, 0.0, 8910000.0, 0.0, 25740000.0, 0.0, 46750000.0, 0.0, -243876054.0, 10000000.0, 12760000.0, 0.0, 14300000.0, 0.0, 5170000.0, 0.0, 7150000.0, 0.0, 110000.0, 220000.0, 440000.0, 880000.0, 1760000.0, 3520000.0, 7040000.0, 14080000.0, 28160000.0, 56320000.0, 10560000.0, 0.0, 0.0, 0.0, 0.0, 0.0, 0.0, 0.0, 0.0, 0.0, 0.0, 0.0], [0.0, 16940000.0, 0.0, 5720000.0, 0.0, 5280000.0, 0.0, 11990000.0, 0.0, 7920000.0, 0.0, 7040000.0, 0.0, 14080000.0, 0.0, 550000.0, 0.0, 880000.0, 0.0, 18810000.0, 0.0, 8910000.0, 0.0, 25740000.0, 0.0, 46750000.0, 10000000.0, -281979427.0, 0.0, 12760000.0, 0.0, 14300000.0, 0.0, 5170000.0, 0.0, 7150000.0, 0.0, 0.0, 0.0, 0.0, 0.0, 0.0, 0.0, 0.0, 0.0, 0.0, 0.0, 110000.0, 220000.0, 440000.0, 880000.0, 1760000.0, 3520000.0, 7040000.0, 14080000.0, 28160000.0, 56320000.0, 29590000.0], [17864000.0, 0.0, 6032000.0, 0.0, 5568000.0, 0.0, 12644000.0, 0.0, 8352000.0, 0.0, 7424000.0, 0.0, 14848000.0, 0.0, 580000.0, 0.0, 928000.0, 0.0, 19836000.0, 0.0, 9396000.0, 0.0, 27144000.0, 0.0, 49300000.0, 0.0, 12760000.0, 0.0, -255940394.0, 10000000.0, 15080000.0, 0.0, 5452000.0, 0.0, 7540000.0, 0.0, 116000.0, 232000.0, 464000.0, 928000.0, 1856000.0, 3712000.0, 7424000.0, 14848000.0, 29696000.0, 59392000.0, 11136000.0, 0.0, 0.0, 0.0, 0.0, 0.0, 0.0, 0.0, 0.0, 0.0, 0.0, 0.0], [0.0, 17864000.0, 0.0, 6032000.0, 0.0, 5568000.0, 0.0, 12644000.0, 0.0, 8352000.0, 0.0, 7424000.0, 0.0, 14848000.0, 0.0, 580000.0, 0.0, 928000.0, 0.0, 19836000.0, 0.0, 9396000.0, 0.0, 27144000.0, 0.0, 49300000.0, 0.0, 12760000.0, 10000000.0, -296122374.0, 0.0, 15080000.0, 0.0, 5452000.0, 0.0, 7540000.0, 0.0, 0.0, 0.0, 0.0, 0.0, 0.0, 0.0, 0.0, 0.0, 0.0, 0.0, 116000.0, 232000.0, 464000.0, 928000.0, 1856000.0, 3712000.0, 7424000.0, 14848000.0, 29696000.0, 59392000.0, 31204000.0], [20020000.0, 0.0, 6760000.0, 0.0, 6240000.0, 0.0, 14170000.0, 0.0, 9360000.0, 0.0, 8320000.0, 0.0, 16640000.0, 0.0, 650000.0, 0.0, 1040000.0, 0.0, 22230000.0, 0.0, 10530000.0, 0.0, 30420000.0, 0.0, 55250000.0, 0.0, 14300000.0, 0.0, 15080000.0, 0.0, -283787145.0, 10000000.0, 6110000.0, 0.0, 8450000.0, 0.0, 130000.0, 260000.0, 520000.0, 1040000.0, 2080000.0, 4160000.0, 8320000.0, 16640000.0, 33280000.0, 66560000.0, 12480000.0, 0.0, 0.0, 0.0, 0.0, 0.0, 0.0, 0.0, 0.0, 0.0, 0.0, 0.0], [0.0, 20020000.0, 0.0, 6760000.0, 0.0, 6240000.0, 0.0, 14170000.0, 0.0, 9360000.0, 0.0, 8320000.0, 0.0, 16640000.0, 0.0, 650000.0, 0.0, 1040000.0, 0.0, 22230000.0, 0.0, 10530000.0, 0.0, 30420000.0, 0.0, 55250000.0, 0.0, 14300000.0, 0.0, 15080000.0, 10000000.0, -328815863.0, 0.0, 6110000.0, 0.0, 8450000.0, 0.0, 0.0, 0.0, 0.0, 0.0, 0.0, 0.0, 0.0, 0.0, 0.0, 0.0, 130000.0, 260000.0, 520000.0, 1040000.0, 2080000.0, 4160000.0, 8320000.0, 16640000.0, 33280000.0, 66560000.0, 34970000.0], [7238000.0, 0.0, 2444000.0, 0.0, 2256000.0, 0.0, 5123000.0, 0.0, 3384000.0, 0.0, 3008000.0, 0.0, 6016000.0, 0.0, 235000.0, 0.0, 376000.0, 0.0, 8037000.0, 0.0, 3807000.0, 0.0, 10998000.0, 0.0, 19975000.0, 0.0, 5170000.0, 0.0, 5452000.0, 0.0, 6110000.0, 0.0, -112893277.0, 10000000.0, 3055000.0, 0.0, 47000.0, 94000.0, 188000.0, 376000.0, 752000.0, 1504000.0, 3008000.0, 6016000.0, 12032000.0, 24064000.0, 4512000.0, 0.0, 0.0, 0.0, 0.0, 0.0, 0.0, 0.0, 0.0, 0.0, 0.0, 0.0], [0.0, 7238000.0, 0.0, 2444000.0, 0.0, 2256000.0, 0.0, 5123000.0, 0.0, 3384000.0, 0.0, 3008000.0, 0.0, 6016000.0, 0.0, 235000.0, 0.0, 376000.0, 0.0, 8037000.0, 0.0, 3807000.0, 0.0, 10998000.0, 0.0, 19975000.0, 0.0, 5170000.0, 0.0, 5452000.0, 0.0, 6110000.0, 10000000.0, -129173010.0, 0.0, 3055000.0, 0.0, 0.0, 0.0, 0.0, 0.0, 0.0, 0.0, 0.0, 0.0, 0.0, 0.0, 47000.0, 94000.0, 188000.0, 376000.0, 752000.0, 1504000.0, 3008000.0, 6016000.0, 12032000.0, 24064000.0, 12643000.0], [10010000.0, 0.0, 3380000.0, 0.0, 3120000.0, 0.0, 7085000.0, 0.0, 4680000.0, 0.0, 4160000.0, 0.0, 8320000.0, 0.0, 325000.0, 0.0, 520000.0, 0.0, 11115000.0, 0.0, 5265000.0, 0.0, 15210000.0, 0.0, 27625000.0, 0.0, 7150000.0, 0.0, 7540000.0, 0.0, 8450000.0, 0.0, 3055000.0, 0.0, -151128502.0, 10000000.0, 65000.0, 130000.0, 260000.0, 520000.0, 1040000.0, 2080000.0, 4160000.0, 8320000.0, 16640000.0, 33280000.0, 6240000.0, 0.0, 0.0, 0.0, 0.0, 0.0, 0.0, 0.0, 0.0, 0.0, 0.0, 0.0], [0.0, 10010000.0, 0.0, 3380000.0, 0.0, 3120000.0, 0.0, 7085000.0, 0.0, 4680000.0, 0.0, 4160000.0, 0.0, 8320000.0, 0.0, 325000.0, 0.0, 520000.0, 0.0, 11115000.0, 0.0, 5265000.0, 0.0, 15210000.0, 0.0, 27625000.0, 0.0, 7150000.0, 0.0, 7540000.0, 0.0, 8450000.0, 0.0, 3055000.0, 10000000.0, -173629705.0, 0.0, 0.0, 0.0, 0.0, 0.0, 0.0, 0.0, 0.0, 0.0, 0.0, 0.0, 65000.0, 130000.0, 260000.0, 520000.0, 1040000.0, 2080000.0, 4160000.0, 8320000.0, 16640000.0, 33280000.0, 17485000.0], [154000.0, 0.0, 52000.0, 0.0, 48000.0, 0.0, 109000.0, 0.0, 72000.0, 0.0, 64000.0, 0.0, 128000.0, 0.0, 5000.0, 0.0, 8000.0, 0.0, 171000.0, 0.0, 81000.0, 0.0, 234000.0, 0.0, 425000.0, 0.0, 110000.0, 0.0, 116000.0, 0.0, 130000.0, 0.0, 47000.0, 0.0, 65000.0, 0.0, -2237000.0, 2000.0, 4000.0, 8000.0, 16000.0, 32000.0, 64000.0, 128000.0, 256000.0, 512000.0, 96000.0, 0.0, 0.0, 0.0, 0.0, 0.0, 0.0, 0.0, 0.0, 0.0, 0.0, 0.0], [308000.0, 0.0, 104000.0, 0.0, 96000.0, 0.0, 218000.0, 0.0, 144000.0, 0.0, 128000.0, 0.0, 256000.0, 0.0, 10000.0, 0.0, 16000.0, 0.0, 342000.0, 0.0, 162000.0, 0.0, 468000.0, 0.0, 850000.0, 0.0, 220000.0, 0.0, 232000.0, 0.0, 260000.0, 0.0, 94000.0, 0.0, 130000.0, 0.0, 2000.0, -4472000.0, 8000.0, 16000.0, 32000.0, 64000.0, 128000.0, 256000.0, 512000.0, 1024000.0, 192000.0, 0.0, 0.0, 0.0, 0.0, 0.0, 0.0, 0.0, 0.0, 0.0, 0.0, 0.0], [616000.0, 0.0, 208000.0, 0.0, 192000.0, 0.0, 436000.0, 0.0, 288000.0, 0.0, 256000.0, 0.0, 512000.0, 0.0, 20000.0, 0.0, 32000.0, 0.0, 684000.0, 0.0, 324000.0, 0.0, 936000.0, 0.0, 1700000.0, 0.0, 440000.0, 0.0, 464000.0, 0.0, 520000.0, 0.0, 188000.0, 0.0, 260000.0, 0.0, 4000.0, 8000.0, -8936000.0, 32000.0, 64000.0, 128000.0, 256000.0, 512000.0, 1024000.0, 2048000.0, 384000.0, 0.0, 0.0, 0.0, 0.0, 0.0, 0.0, 0.0, 0.0, 0.0, 0.0, 0.0], [1232000.0, 0.0, 416000.0, 0.0, 384000.0, 0.0, 872000.0, 0.0, 576000.0, 0.0, 512000.0, 0.0, 1024000.0, 0.0, 40000.0, 0.0, 64000.0, 0.0, 1368000.0, 0.0, 648000.0, 0.0, 1872000.0, 0.0, 3400000.0, 0.0, 880000.0, 0.0, 928000.0, 0.0, 1040000.0, 0.0, 376000.0, 0.0, 520000.0, 0.0, 8000.0, 16000.0, 32000.0, -17840000.0, 128000.0, 256000.0, 512000.0, 1024000.0, 2048000.0, 4096000.0, 768000.0, 0.0, 0.0, 0.0, 0.0, 0.0, 0.0, 0.0, 0.0, 0.0, 0.0, 0.0], [2464000.0, 0.0, 832000.0, 0.0, 768000.0, 0.0, 1744000.0, 0.0, 1152000.0, 0.0, 1024000.0, 0.0, 2048000.0, 0.0, 80000.0, 0.0, 128000.0, 0.0, 2736000.0, 0.0, 1296000.0, 0.0, 3744000.0, 0.0, 6800000.0, 0.0, 1760000.0, 0.0, 1856000.0, 0.0, 2080000.0, 0.0, 752000.0, 0.0, 1040000.0, 0.0, 16000.0, 32000.0, 64000.0, 128000.0, -35552000.0, 512000.0, 1024000.0, 2048000.0, 4096000.0, 8192000.0, 1536000.0, 0.0, 0.0, 0.0, 0.0, 0.0, 0.0, 0.0, 0.0, 0.0, 0.0, 0.0], [4928000.0, 0.0, 1664000.0, 0.0, 1536000.0, 0.0, 3488000.0, 0.0, 2304000.0, 0.0, 2048000.0, 0.0, 4096000.0, 0.0, 160000.0, 0.0, 256000.0, 0.0, 5472000.0, 0.0, 2592000.0, 0.0, 7488000.0, 0.0, 13600000.0, 0.0, 3520000.0, 0.0, 3712000.0, 0.0, 4160000.0, 0.0, 1504000.0, 0.0, 2080000.0, 0.0, 32000.0, 64000.0, 128000.0, 256000.0, 512000.0, -70592000.0, 2048000.0, 4096000.0, 8192000.0, 16384000.0, 3072000.0, 0.0, 0.0, 0.0, 0.0, 0.0, 0.0, 0.0, 0.0, 0.0, 0.0, 0.0], [9856000.0, 0.0, 3328000.0, 0.0, 3072000.0, 0.0, 6976000.0, 0.0, 4608000.0, 0.0, 4096000.0, 0.0, 8192000.0, 0.0, 320000.0, 0.0, 512000.0, 0.0, 10944000.0, 0.0, 5184000.0, 0.0, 14976000.0, 0.0, 27200000.0, 0.0, 7040000.0, 0.0, 7424000.0, 0.0, 8320000.0, 0.0, 3008000.0, 0.0, 4160000.0, 0.0, 64000.0, 128000.0, 256000.0, 512000.0, 1024000.0, 2048000.0, -139136000.0, 8192000.0, 16384000.0, 32768000.0, 6144000.0, 0.0, 0.0, 0.0, 0.0, 0.0, 0.0, 0.0, 0.0, 0.0, 0.0, 0.0], [19712000.0, 0.0, 6656000.0, 0.0, 6144000.0, 0.0, 13952000.0, 0.0, 9216000.0, 0.0, 8192000.0, 0.0, 16384000.0, 0.0, 640000.0, 0.0, 1024000.0, 0.0, 21888000.0, 0.0, 10368000.0, 0.0, 29952000.0, 0.0, 54400000.0, 0.0, 14080000.0, 0.0, 14848000.0, 0.0, 16640000.0, 0.0, 6016000.0, 0.0, 8320000.0, 0.0, 128000.0, 256000.0, 512000.0, 1024000.0, 2048000.0, 4096000.0, 8192000.0, -270080000.0, 32768000.0, 65536000.0, 12288000.0, 0.0, 0.0, 0.0, 0.0, 0.0, 0.0, 0.0, 0.0, 0.0, 0.0, 0.0], [39424000.0, 0.0, 13312000.0, 0.0, 12288000.0, 0.0, 27904000.0, 0.0, 18432000.0, 0.0, 16384000.0, 0.0, 32768000.0, 0.0, 1280000.0, 0.0, 2048000.0, 0.0, 43776000.0, 0.0, 20736000.0, 0.0, 59904000.0, 0.0, 108800000.0, 0.0, 28160000.0, 0.0, 29696000.0, 0.0, 33280000.0, 0.0, 12032000.0, 0.0, 16640000.0, 0.0, 256000.0, 512000.0, 1024000.0, 2048000.0, 4096000.0, 8192000.0, 16384000.0, 32768000.0, -507392000.0, 131072000.0, 24576000.0, 0.0, 0.0, 0.0, 0.0, 0.0, 0.0, 0.0, 0.0, 0.0, 0.0, 0.0], [78848000.0, 0.0, 26624000.0, 0.0, 24576000.0, 0.0, 55808000.0, 0.0, 36864000.0, 0.0, 32768000.0, 0.0, 65536000.0, 0.0, 2560000.0, 0.0, 4096000.0, 0.0, 87552000.0, 0.0, 41472000.0, 0.0, 119808000.0, 0.0, 217600000.0, 0.0, 56320000.0, 0.0, 59392000.0, 0.0, 66560000.0, 0.0, 24064000.0, 0.0, 33280000.0, 0.0, 512000.0, 1024000.0, 2048000.0, 4096000.0, 8192000.0, 16384000.0, 32768000.0, 65536000.0, 131072000.0, -883712000.0, 49152000.0, 0.0, 0.0, 0.0, 0.0, 0.0, 0.0, 0.0, 0.0, 0.0, 0.0, 0.0], [14784000.0, 0.0, 4992000.0, 0.0, 4608000.0, 0.0, 10464000.0, 0.0, 6912000.0, 0.0, 6144000.0, 0.0, 12288000.0, 0.0, 480000.0, 0.0, 768000.0, 0.0, 16416000.0, 0.0, 7776000.0, 0.0, 22464000.0, 0.0, 40800000.0, 0.0, 10560000.0, 0.0, 11136000.0, 0.0, 12480000.0, 0.0, 4512000.0, 0.0, 6240000.0, 0.0, 96000.0, 192000.0, 384000.0, 768000.0, 1536000.0, 3072000.0, 6144000.0, 12288000.0, 24576000.0, 49152000.0, -205632000.0, 0.0, 0.0, 0.0, 0.0, 0.0, 0.0, 0.0, 0.0, 0.0, 0.0, 0.0], [0.0, 154000.0, 0.0, 52000.0, 0.0, 48000.0, 0.0, 109000.0, 0.0, 72000.0, 0.0, 64000.0, 0.0, 128000.0, 0.0, 5000.0, 0.0, 8000.0, 0.0, 171000.0, 0.0, 81000.0, 0.0, 234000.0, 0.0, 425000.0, 0.0, 110000.0, 0.0, 116000.0, 0.0, 130000.0, 0.0, 47000.0, 0.0, 65000.0, 0.0, 0.0, 0.0, 0.0, 0.0, 0.0, 0.0, 0.0, 0.0, 0.0, 0.0, -2583000.0, 2000.0, 4000.0, 8000.0, 16000.0, 32000.0, 64000.0, 128000.0, 256000.0, 512000.0, 269000.0], [0.0, 308000.0, 0.0, 104000.0, 0.0, 96000.0, 0.0, 218000.0, 0.0, 144000.0, 0.0, 128000.0, 0.0, 256000.0, 0.0, 10000.0, 0.0, 16000.0, 0.0, 342000.0, 0.0, 162000.0, 0.0, 468000.0, 0.0, 850000.0, 0.0, 220000.0, 0.0, 232000.0, 0.0, 260000.0, 0.0, 94000.0, 0.0, 130000.0, 0.0, 0.0, 0.0, 0.0, 0.0, 0.0, 0.0, 0.0, 0.0, 0.0, 0.0, 2000.0, -5164000.0, 8000.0, 16000.0, 32000.0, 64000.0, 128000.0, 256000.0, 512000.0, 1024000.0, 538000.0], [0.0, 616000.0, 0.0, 208000.0, 0.0, 192000.0, 0.0, 436000.0, 0.0, 288000.0, 0.0, 256000.0, 0.0, 512000.0, 0.0, 20000.0, 0.0, 32000.0, 0.0, 684000.0, 0.0, 324000.0, 0.0, 936000.0, 0.0, 1700000.0, 0.0, 440000.0, 0.0, 464000.0, 0.0, 520000.0, 0.0, 188000.0, 0.0, 260000.0, 0.0, 0.0, 0.0, 0.0, 0.0, 0.0, 0.0, 0.0, 0.0, 0.0, 0.0, 4000.0, 8000.0, -10320000.0, 32000.0, 64000.0, 128000.0, 256000.0, 512000.0, 1024000.0, 2048000.0, 1076000.0], [0.0, 1232000.0, 0.0, 416000.0, 0.0, 384000.0, 0.0, 872000.0, 0.0, 576000.0, 0.0, 512000.0, 0.0, 1024000.0, 0.0, 40000.0, 0.0, 64000.0, 0.0, 1368000.0, 0.0, 648000.0, 0.0, 1872000.0, 0.0, 3400000.0, 0.0, 880000.0, 0.0, 928000.0, 0.0, 1040000.0, 0.0, 376000.0, 0.0, 520000.0, 0.0, 0.0, 0.0, 0.0, 0.0, 0.0, 0.0, 0.0, 0.0, 0.0, 0.0, 8000.0, 16000.0, 32000.0, -20608000.0, 128000.0, 256000.0, 512000.0, 1024000.0, 2048000.0, 4096000.0, 2152000.0], [0.0, 2464000.0, 0.0, 832000.0, 0.0, 768000.0, 0.0, 1744000.0, 0.0, 1152000.0, 0.0, 1024000.0, 0.0, 2048000.0, 0.0, 80000.0, 0.0, 128000.0, 0.0, 2736000.0, 0.0, 1296000.0, 0.0, 3744000.0, 0.0, 6800000.0, 0.0, 1760000.0, 0.0, 1856000.0, 0.0, 2080000.0, 0.0, 752000.0, 0.0, 1040000.0, 0.0, 0.0, 0.0, 0.0, 0.0, 0.0, 0.0, 0.0, 0.0, 0.0, 0.0, 16000.0, 32000.0, 64000.0, 128000.0, -41088000.0, 512000.0, 1024000.0, 2048000.0, 4096000.0, 8192000.0, 4304000.0], [0.0, 4928000.0, 0.0, 1664000.0, 0.0, 1536000.0, 0.0, 3488000.0, 0.0, 2304000.0, 0.0, 2048000.0, 0.0, 4096000.0, 0.0, 160000.0, 0.0, 256000.0, 0.0, 5472000.0, 0.0, 2592000.0, 0.0, 7488000.0, 0.0, 13600000.0, 0.0, 3520000.0, 0.0, 3712000.0, 0.0, 4160000.0, 0.0, 1504000.0, 0.0, 2080000.0, 0.0, 0.0, 0.0, 0.0, 0.0, 0.0, 0.0, 0.0, 0.0, 0.0, 0.0, 32000.0, 64000.0, 128000.0, 256000.0, 512000.0, -81664000.0, 2048000.0, 4096000.0, 8192000.0, 16384000.0, 8608000.0], [0.0, 9856000.0, 0.0, 3328000.0, 0.0, 3072000.0, 0.0, 6976000.0, 0.0, 4608000.0, 0.0, 4096000.0, 0.0, 8192000.0, 0.0, 320000.0, 0.0, 512000.0, 0.0, 10944000.0, 0.0, 5184000.0, 0.0, 14976000.0, 0.0, 27200000.0, 0.0, 7040000.0, 0.0, 7424000.0, 0.0, 8320000.0, 0.0, 3008000.0, 0.0, 4160000.0, 0.0, 0.0, 0.0, 0.0, 0.0, 0.0, 0.0, 0.0, 0.0, 0.0, 0.0, 64000.0, 128000.0, 256000.0, 512000.0, 1024000.0, 2048000.0, -161280000.0, 8192000.0, 16384000.0, 32768000.0, 17216000.0], [0.0, 19712000.0, 0.0, 6656000.0, 0.0, 6144000.0, 0.0, 13952000.0, 0.0, 9216000.0, 0.0, 8192000.0, 0.0, 16384000.0, 0.0, 640000.0, 0.0, 1024000.0, 0.0, 21888000.0, 0.0, 10368000.0, 0.0, 29952000.0, 0.0, 54400000.0, 0.0, 14080000.0, 0.0, 14848000.0, 0.0, 16640000.0, 0.0, 6016000.0, 0.0, 8320000.0, 0.0, 0.0, 0.0, 0.0, 0.0, 0.0, 0.0, 0.0, 0.0, 0.0, 0.0, 128000.0, 256000.0, 512000.0, 1024000.0, 2048000.0, 4096000.0, 8192000.0, -314368000.0, 32768000.0, 65536000.0, 34432000.0], [0.0, 39424000.0, 0.0, 13312000.0, 0.0, 12288000.0, 0.0, 27904000.0, 0.0, 18432000.0, 0.0, 16384000.0, 0.0, 32768000.0, 0.0, 1280000.0, 0.0, 2048000.0, 0.0, 43776000.0, 0.0, 20736000.0, 0.0, 59904000.0, 0.0, 108800000.0, 0.0, 28160000.0, 0.0, 29696000.0, 0.0, 33280000.0, 0.0, 12032000.0, 0.0, 16640000.0, 0.0, 0.0, 0.0, 0.0, 0.0, 0.0, 0.0, 0.0, 0.0, 0.0, 0.0, 256000.0, 512000.0, 1024000.0, 2048000.0, 4096000.0, 8192000.0, 16384000.0, 32768000.0, -595968000.0, 131072000.0, 68864000.0], [0.0, 78848000.0, 0.0, 26624000.0, 0.0, 24576000.0, 0.0, 55808000.0, 0.0, 36864000.0, 0.0, 32768000.0, 0.0, 65536000.0, 0.0, 2560000.0, 0.0, 4096000.0, 0.0, 87552000.0, 0.0, 41472000.0, 0.0, 119808000.0, 0.0, 217600000.0, 0.0, 56320000.0, 0.0, 59392000.0, 0.0, 66560000.0, 0.0, 24064000.0, 0.0, 33280000.0, 0.0, 0.0, 0.0, 0.0, 0.0, 0.0, 0.0, 0.0, 0.0, 0.0, 0.0, 512000.0, 1024000.0, 2048000.0, 4096000.0, 8192000.0, 16384000.0, 32768000.0, 65536000.0, 131072000.0, -1060864000.0, 137728000.0], [0.0, 41426000.0, 0.0, 13988000.0, 0.0, 12912000.0, 0.0, 29321000.0, 0.0, 19368000.0, 0.0, 17216000.0, 0.0, 34432000.0, 0.0, 1345000.0, 0.0, 2152000.0, 0.0, 45999000.0, 0.0, 21789000.0, 0.0, 62946000.0, 0.0, 114325000.0, 0.0, 29590000.0, 0.0, 31204000.0, 0.0, 34970000.0, 0.0, 12643000.0, 0.0, 17485000.0, 0.0, 0.0, 0.0, 0.0, 0.0, 0.0, 0.0, 0.0, 0.0, 0.0, 0.0, 269000.0, 538000.0, 1076000.0, 2152000.0, 4304000.0, 8608000.0, 17216000.0, 34432000.0, 68864000.0, 137728000.0, -622735000.0]]"
  },
  "variable_mappings": [
    {
      "machine_id": 24,
      "machine_name_convenience_only": "GP260",
      "dieset_id": 10,
      "dieset_number_convenience_only": "4984449, 4984462",
      "variable_id": 0,
      "variable_name_convenience_only": "md_GP260_4984449, 4984462"
    },
    {
      "machine_id": 27,
      "machine_name_convenience_only": "GP640",
      "dieset_id": 10,
      "dieset_number_convenience_only": "4984449, 4984462",
      "variable_id": 1,
      "variable_name_convenience_only": "md_GP640_4984449, 4984462"
    },
    {
      "machine_id": 24,
      "machine_name_convenience_only": "GP260",
      "dieset_id": 9,
      "dieset_number_convenience_only": "4984449, 5031550",
      "variable_id": 2,
      "variable_name_convenience_only": "md_GP260_4984449, 5031550"
    },
    {
      "machine_id": 27,
      "machine_name_convenience_only": "GP640",
      "dieset_id": 9,
      "dieset_number_convenience_only": "4984449, 5031550",
      "variable_id": 3,
      "variable_name_convenience_only": "md_GP640_4984449, 5031550"
    },
    {
      "machine_id": 24,
      "machine_name_convenience_only": "GP260",
      "dieset_id": 1,
      "dieset_number_convenience_only": "4985498",
      "variable_id": 4,
      "variable_name_convenience_only": "md_GP260_4985498"
    },
    {
      "machine_id": 27,
      "machine_name_convenience_only": "GP640",
      "dieset_id": 1,
      "dieset_number_convenience_only": "4985498",
      "variable_id": 5,
      "variable_name_convenience_only": "md_GP640_4985498"
    },
    {
      "machine_id": 24,
      "machine_name_convenience_only": "GP260",
      "dieset_id": 4,
      "dieset_number_convenience_only": "5090393",
      "variable_id": 6,
      "variable_name_convenience_only": "md_GP260_5090393"
    },
    {
      "machine_id": 27,
      "machine_name_convenience_only": "GP640",
      "dieset_id": 4,
      "dieset_number_convenience_only": "5090393",
      "variable_id": 7,
      "variable_name_convenience_only": "md_GP640_5090393"
    },
    {
      "machine_id": 24,
      "machine_name_convenience_only": "GP260",
      "dieset_id": 30,
      "dieset_number_convenience_only": "5101959",
      "variable_id": 8,
      "variable_name_convenience_only": "md_GP260_5101959"
    },
    {
      "machine_id": 27,
      "machine_name_convenience_only": "GP640",
      "dieset_id": 30,
      "dieset_number_convenience_only": "5101959",
      "variable_id": 9,
      "variable_name_convenience_only": "md_GP640_5101959"
    },
    {
      "machine_id": 24,
      "machine_name_convenience_only": "GP260",
      "dieset_id": 32,
      "dieset_number_convenience_only": "5102992",
      "variable_id": 10,
      "variable_name_convenience_only": "md_GP260_5102992"
    },
    {
      "machine_id": 27,
      "machine_name_convenience_only": "GP640",
      "dieset_id": 32,
      "dieset_number_convenience_only": "5102992",
      "variable_id": 11,
      "variable_name_convenience_only": "md_GP640_5102992"
    },
    {
      "machine_id": 24,
      "machine_name_convenience_only": "GP260",
      "dieset_id": 15,
      "dieset_number_convenience_only": "5103015",
      "variable_id": 12,
      "variable_name_convenience_only": "md_GP260_5103015"
    },
    {
      "machine_id": 27,
      "machine_name_convenience_only": "GP640",
      "dieset_id": 15,
      "dieset_number_convenience_only": "5103015",
      "variable_id": 13,
      "variable_name_convenience_only": "md_GP640_5103015"
    },
    {
      "machine_id": 24,
      "machine_name_convenience_only": "GP260",
      "dieset_id": 11,
      "dieset_number_convenience_only": "5448237",
      "variable_id": 14,
      "variable_name_convenience_only": "md_GP260_5448237"
    },
    {
      "machine_id": 27,
      "machine_name_convenience_only": "GP640",
      "dieset_id": 11,
      "dieset_number_convenience_only": "5448237",
      "variable_id": 15,
      "variable_name_convenience_only": "md_GP640_5448237"
    },
    {
      "machine_id": 24,
      "machine_name_convenience_only": "GP260",
      "dieset_id": 0,
      "dieset_number_convenience_only": "5457220",
      "variable_id": 16,
      "variable_name_convenience_only": "md_GP260_5457220"
    },
    {
      "machine_id": 27,
      "machine_name_convenience_only": "GP640",
      "dieset_id": 0,
      "dieset_number_convenience_only": "5457220",
      "variable_id": 17,
      "variable_name_convenience_only": "md_GP640_5457220"
    },
    {
      "machine_id": 24,
      "machine_name_convenience_only": "GP260",
      "dieset_id": 18,
      "dieset_number_convenience_only": "5709958",
      "variable_id": 18,
      "variable_name_convenience_only": "md_GP260_5709958"
    },
    {
      "machine_id": 27,
      "machine_name_convenience_only": "GP640",
      "dieset_id": 18,
      "dieset_number_convenience_only": "5709958",
      "variable_id": 19,
      "variable_name_convenience_only": "md_GP640_5709958"
    },
    {
      "machine_id": 24,
      "machine_name_convenience_only": "GP260",
      "dieset_id": 26,
      "dieset_number_convenience_only": "5717907",
      "variable_id": 20,
      "variable_name_convenience_only": "md_GP260_5717907"
    },
    {
      "machine_id": 27,
      "machine_name_convenience_only": "GP640",
      "dieset_id": 26,
      "dieset_number_convenience_only": "5717907",
      "variable_id": 21,
      "variable_name_convenience_only": "md_GP640_5717907"
    },
    {
      "machine_id": 24,
      "machine_name_convenience_only": "GP260",
      "dieset_id": 3,
      "dieset_number_convenience_only": "5718733, 5718701",
      "variable_id": 22,
      "variable_name_convenience_only": "md_GP260_5718733, 5718701"
    },
    {
      "machine_id": 27,
      "machine_name_convenience_only": "GP640",
      "dieset_id": 3,
      "dieset_number_convenience_only": "5718733, 5718701",
      "variable_id": 23,
      "variable_name_convenience_only": "md_GP640_5718733, 5718701"
    },
    {
      "machine_id": 24,
      "machine_name_convenience_only": "GP260",
      "dieset_id": 7,
      "dieset_number_convenience_only": "5801397",
      "variable_id": 24,
      "variable_name_convenience_only": "md_GP260_5801397"
    },
    {
      "machine_id": 27,
      "machine_name_convenience_only": "GP640",
      "dieset_id": 7,
      "dieset_number_convenience_only": "5801397",
      "variable_id": 25,
      "variable_name_convenience_only": "md_GP640_5801397"
    },
    {
      "machine_id": 24,
      "machine_name_convenience_only": "GP260",
      "dieset_id": 17,
      "dieset_number_convenience_only": "6139086",
      "variable_id": 26,
      "variable_name_convenience_only": "md_GP260_6139086"
    },
    {
      "machine_id": 27,
      "machine_name_convenience_only": "GP640",
      "dieset_id": 17,
      "dieset_number_convenience_only": "6139086",
      "variable_id": 27,
      "variable_name_convenience_only": "md_GP640_6139086"
    },
    {
      "machine_id": 24,
      "machine_name_convenience_only": "GP260",
      "dieset_id": 2,
      "dieset_number_convenience_only": "6139136, 5718701",
