{
  "qubo": {
    "id": 0,
    "name": "Model",
    "variables": [
      {
        "id": 0,
        "name": "0",
        "slack": false
      },
      {
        "id": 1,
        "name": "1",
        "slack": false
      },
      {
        "id": 2,
        "name": "2",
        "slack": false
      },
      {
        "id": 3,
        "name": "3",
        "slack": false
      },
      {
        "id": 4,
        "name": "4",
        "slack": false
      },
      {
        "id": 5,
        "name": "5",
        "slack": false
      },
      {
        "id": 6,
        "name": "6",
        "slack": false
      },
      {
        "id": 7,
        "name": "7",
        "slack": false
      },
      {
        "id": 8,
        "name": "8",
        "slack": false
      },
      {
        "id": 9,
        "name": "9",
        "slack": false
      },
      {
        "id": 10,
        "name": "10",
        "slack": false
      },
      {
        "id": 11,
        "name": "11",
        "slack": false
      },
      {
        "id": 12,
        "name": "12",
        "slack": false
      },
      {
        "id": 13,
        "name": "13",
        "slack": false
      },
      {
        "id": 14,
        "name": "14",
        "slack": false
      },
      {
        "id": 15,
        "name": "15",
        "slack": false
      },
      {
        "id": 16,
        "name": "16",
        "slack": false
      },
      {
        "id": 17,
        "name": "17",
        "slack": false
      },
      {
        "id": 18,
        "name": "18",
        "slack": false
      },
      {
        "id": 19,
        "name": "19",
        "slack": false
      },
      {
        "id": 20,
        "name": "20",
        "slack": false
      },
      {
        "id": 21,
        "name": "21",
        "slack": false
      },
      {
        "id": 22,
        "name": "22",
        "slack": false
      },
      {
        "id": 23,
        "name": "23",
        "slack": false
      },
      {
        "id": 24,
        "name": "24",
        "slack": false
      },
      {
        "id": 25,
        "name": "25",
        "slack": false
      },
      {
        "id": 26,
        "name": "26",
        "slack": false
      },
      {
        "id": 27,
        "name": "27",
        "slack": false
      },
      {
        "id": 28,
        "name": "28",
        "slack": false
      },
      {
        "id": 29,
        "name": "29",
        "slack": false
      },
      {
        "id": 30,
        "name": "30",
        "slack": false
      },
      {
        "id": 31,
        "name": "31",
        "slack": false
      },
      {
        "id": 32,
        "name": "32",
        "slack": false
      },
      {
        "id": 33,
        "name": "33",
        "slack": false
      },
      {
        "id": 34,
        "name": "34",
        "slack": false
      },
      {
        "id": 35,
        "name": "35",
        "slack": false
      },
      {
        "id": 36,
        "name": "capacity_constraint_machine_24@int_slack@0",
        "slack": true
      },
      {
        "id": 37,
        "name": "capacity_constraint_machine_24@int_slack@1",
        "slack": true
      },
      {
        "id": 38,
        "name": "capacity_constraint_machine_24@int_slack@2",
        "slack": true
      },
      {
        "id": 39,
        "name": "capacity_constraint_machine_24@int_slack@3",
        "slack": true
      },
      {
        "id": 40,
        "name": "capacity_constraint_machine_24@int_slack@4",
        "slack": true
      },
      {
        "id": 41,
        "name": "capacity_constraint_machine_24@int_slack@5",
        "slack": true
      },
      {
        "id": 42,
        "name": "capacity_constraint_machine_24@int_slack@6",
        "slack": true
      },
      {
        "id": 43,
        "name": "capacity_constraint_machine_24@int_slack@7",
        "slack": true
      },
      {
        "id": 44,
        "name": "capacity_constraint_machine_24@int_slack@8",
        "slack": true
      },
      {
        "id": 45,
        "name": "capacity_constraint_machine_24@int_slack@9",
        "slack": true
      },
      {
        "id": 46,
        "name": "capacity_constraint_machine_24@int_slack@10",
        "slack": true
      },
      {
        "id": 47,
        "name": "capacity_constraint_machine_27@int_slack@0",
        "slack": true
      },
      {
        "id": 48,
        "name": "capacity_constraint_machine_27@int_slack@1",
        "slack": true
      },
      {
        "id": 49,
        "name": "capacity_constraint_machine_27@int_slack@2",
        "slack": true
      },
      {
        "id": 50,
        "name": "capacity_constraint_machine_27@int_slack@3",
        "slack": true
      },
      {
        "id": 51,
        "name": "capacity_constraint_machine_27@int_slack@4",
        "slack": true
      },
      {
        "id": 52,
        "name": "capacity_constraint_machine_27@int_slack@5",
        "slack": true
      },
      {
        "id": 53,
        "name": "capacity_constraint_machine_27@int_slack@6",
        "slack": true
      },
      {
        "id": 54,
        "name": "capacity_constraint_machine_27@int_slack@7",
        "slack": true
      },
      {
        "id": 55,
        "name": "capacity_constraint_machine_27@int_slack@8",
        "slack": true
      },
      {
        "id": 56,
        "name": "capacity_constraint_machine_27@int_slack@9",
        "slack": true
      },
      {
        "id": 57,
        "name": "capacity_constraint_machine_27@int_slack@10",
        "slack": true
      }
    ],
    "constant": 56039956.0,
    "matrix": "[[-4025987.0, 2742336.0, 32032.0, 0.0, 29568.0, 0.0, 67144.0, 0.0, 44352.0, 0.0, 39424.0, 0.0, 78848.0, 0.0, 3080.0, 0.0, 4928.0, 0.0, 105336.0, 0.0, 49896.0, 0.0, 144144.0, 0.0, 261800.0, 0.0, 67760.0, 0.0, 71456.0, 0.0, 80080.0, 0.0, 28952.0, 0.0, 40040.0, 0.0, 616.0, 1232.0, 2464.0, 4928.0, 9856.0, 19712.0, 39424.0, 78848.0, 157696.0, 315392.0, 59136.0, 0.0, 0.0, 0.0, 0.0, 0.0, 0.0, 0.0, 0.0, 0.0, 0.0, 0.0], [2742336.0, -3116481.0, 0.0, 8008.0, 0.0, 7392.0, 0.0, 16786.0, 0.0, 11088.0, 0.0, 9856.0, 0.0, 19712.0, 0.0, 770.0, 0.0, 1232.0, 0.0, 26334.0, 0.0, 12474.0, 0.0, 36036.0, 0.0, 65450.0, 0.0, 16940.0, 0.0, 17864.0, 0.0, 20020.0, 0.0, 7238.0, 0.0, 10010.0, 0.0, 0.0, 0.0, 0.0, 0.0, 0.0, 0.0, 0.0, 0.0, 0.0, 0.0, 154.0, 308.0, 616.0, 1232.0, 2464.0, 4928.0, 9856.0, 19712.0, 39424.0, 78848.0, 41426.0], [32032.0, 0.0, -3196997.0, 2742336.0, 9984.0, 0.0, 22672.0, 0.0, 14976.0, 0.0, 13312.0, 0.0, 26624.0, 0.0, 1040.0, 0.0, 1664.0, 0.0, 35568.0, 0.0, 16848.0, 0.0, 48672.0, 0.0, 88400.0, 0.0, 22880.0, 0.0, 24128.0, 0.0, 27040.0, 0.0, 9776.0, 0.0, 13520.0, 0.0, 208.0, 416.0, 832.0, 1664.0, 3328.0, 6656.0, 13312.0, 26624.0, 53248.0, 106496.0, 19968.0, 0.0, 0.0, 0.0, 0.0, 0.0, 0.0, 0.0, 0.0, 0.0, 0.0, 0.0], [0.0, 8008.0, 2742336.0, -2873979.0, 0.0, 2496.0, 0.0, 5668.0, 0.0, 3744.0, 0.0, 3328.0, 0.0, 6656.0, 0.0, 260.0, 0.0, 416.0, 0.0, 8892.0, 0.0, 4212.0, 0.0, 12168.0, 0.0, 22100.0, 0.0, 5720.0, 0.0, 6032.0, 0.0, 6760.0, 0.0, 2444.0, 0.0, 3380.0, 0.0, 0.0, 0.0, 0.0, 0.0, 0.0, 0.0, 0.0, 0.0, 0.0, 0.0, 52.0, 104.0, 208.0, 416.0, 832.0, 1664.0, 3328.0, 6656.0, 13312.0, 26624.0, 13988.0], [29568.0, 0.0, 9984.0, 0.0, -3162789.0, 2742336.0, 20928.0, 0.0, 13824.0, 0.0, 12288.0, 0.0, 24576.0, 0.0, 960.0, 0.0, 1536.0, 0.0, 32832.0, 0.0, 15552.0, 0.0, 44928.0, 0.0, 81600.0, 0.0, 21120.0, 0.0, 22272.0, 0.0, 24960.0, 0.0, 9024.0, 0.0, 12480.0, 0.0, 192.0, 384.0, 768.0, 1536.0, 3072.0, 6144.0, 12288.0, 24576.0, 49152.0, 98304.0, 18432.0, 0.0, 0.0, 0.0, 0.0, 0.0, 0.0, 0.0, 0.0, 0.0, 0.0, 0.0], [0.0, 7392.0, 0.0, 2496.0, 2742336.0, -2864043.0, 0.0, 5232.0, 0.0, 3456.0, 0.0, 3072.0, 0.0, 6144.0, 0.0, 240.0, 0.0, 384.0, 0.0, 8208.0, 0.0, 3888.0, 0.0, 11232.0, 0.0, 20400.0, 0.0, 5280.0, 0.0, 5568.0, 0.0, 6240.0, 0.0, 2256.0, 0.0, 3120.0, 0.0, 0.0, 0.0, 0.0, 0.0, 0.0, 0.0, 0.0, 0.0, 0.0, 0.0, 48.0, 96.0, 192.0, 384.0, 768.0, 1536.0, 3072.0, 6144.0, 12288.0, 24576.0, 12912.0], [67144.0, 0.0, 22672.0, 0.0, 20928.0, 0.0, -3670517.0, 2742336.0, 31392.0, 0.0, 27904.0, 0.0, 55808.0, 0.0, 2180.0, 0.0, 3488.0, 0.0, 74556.0, 0.0, 35316.0, 0.0, 102024.0, 0.0, 185300.0, 0.0, 47960.0, 0.0, 50576.0, 0.0, 56680.0, 0.0, 20492.0, 0.0, 28340.0, 0.0, 436.0, 872.0, 1744.0, 3488.0, 6976.0, 13952.0, 27904.0, 55808.0, 111616.0, 223232.0, 41856.0, 0.0, 0.0, 0.0, 0.0, 0.0, 0.0, 0.0, 0.0, 0.0, 0.0, 0.0], [0.0, 16786.0, 0.0, 5668.0, 0.0, 5232.0, 2742336.0, -3012063.0, 0.0, 7848.0, 0.0, 6976.0, 0.0, 13952.0, 0.0, 545.0, 0.0, 872.0, 0.0, 18639.0, 0.0, 8829.0, 0.0, 25506.0, 0.0, 46325.0, 0.0, 11990.0, 0.0, 12644.0, 0.0, 14170.0, 0.0, 5123.0, 0.0, 7085.0, 0.0, 0.0, 0.0, 0.0, 0.0, 0.0, 0.0, 0.0, 0.0, 0.0, 0.0, 109.0, 218.0, 436.0, 872.0, 1744.0, 3488.0, 6976.0, 13952.0, 27904.0, 55808.0, 29321.0], [44352.0, 0.0, 14976.0, 0.0, 13824.0, 0.0, 31392.0, 0.0, -3366105.0, 2742336.0, 18432.0, 0.0, 36864.0, 0.0, 1440.0, 0.0, 2304.0, 0.0, 49248.0, 0.0, 23328.0, 0.0, 67392.0, 0.0, 122400.0, 0.0, 31680.0, 0.0, 33408.0, 0.0, 37440.0, 0.0, 13536.0, 0.0, 18720.0, 0.0, 288.0, 576.0, 1152.0, 2304.0, 4608.0, 9216.0, 18432.0, 36864.0, 73728.0, 147456.0, 27648.0, 0.0, 0.0, 0.0, 0.0, 0.0, 0.0, 0.0, 0.0, 0.0, 0.0, 0.0], [0.0, 11088.0, 0.0, 3744.0, 0.0, 3456.0, 0.0, 7848.0, 2742336.0, -2923170.0, 0.0, 4608.0, 0.0, 9216.0, 0.0, 360.0, 0.0, 576.0, 0.0, 12312.0, 0.0, 5832.0, 0.0, 16848.0, 0.0, 30600.0, 0.0, 7920.0, 0.0, 8352.0, 0.0, 9360.0, 0.0, 3384.0, 0.0, 4680.0, 0.0, 0.0, 0.0, 0.0, 0.0, 0.0, 0.0, 0.0, 0.0, 0.0, 0.0, 72.0, 144.0, 288.0, 576.0, 1152.0, 2304.0, 4608.0, 9216.0, 18432.0, 36864.0, 19368.0], [39424.0, 0.0, 13312.0, 0.0, 12288.0, 0.0, 27904.0, 0.0, 18432.0, 0.0, -3298844.0, 2742336.0, 32768.0, 0.0, 1280.0, 0.0, 2048.0, 0.0, 43776.0, 0.0, 20736.0, 0.0, 59904.0, 0.0, 108800.0, 0.0, 28160.0, 0.0, 29696.0, 0.0, 33280.0, 0.0, 12032.0, 0.0, 16640.0, 0.0, 256.0, 512.0, 1024.0, 2048.0, 4096.0, 8192.0, 16384.0, 32768.0, 65536.0, 131072.0, 24576.0, 0.0, 0.0, 0.0, 0.0, 0.0, 0.0, 0.0, 0.0, 0.0, 0.0, 0.0], [0.0, 9856.0, 0.0, 3328.0, 0.0, 3072.0, 0.0, 6976.0, 0.0, 4608.0, 2742336.0, -2903589.0, 0.0, 8192.0, 0.0, 320.0, 0.0, 512.0, 0.0, 10944.0, 0.0, 5184.0, 0.0, 14976.0, 0.0, 27200.0, 0.0, 7040.0, 0.0, 7424.0, 0.0, 8320.0, 0.0, 3008.0, 0.0, 4160.0, 0.0, 0.0, 0.0, 0.0, 0.0, 0.0, 0.0, 0.0, 0.0, 0.0, 0.0, 64.0, 128.0, 256.0, 512.0, 1024.0, 2048.0, 4096.0, 8192.0, 16384.0, 32768.0, 17216.0], [78848.0, 0.0, 26624.0, 0.0, 24576.0, 0.0, 55808.0, 0.0, 36864.0, 0.0, 32768.0, 0.0, -3822194.0, 2742336.0, 2560.0, 0.0, 4096.0, 0.0, 87552.0, 0.0, 41472.0, 0.0, 119808.0, 0.0, 217600.0, 0.0, 56320.0, 0.0, 59392.0, 0.0, 66560.0, 0.0, 24064.0, 0.0, 33280.0, 0.0, 512.0, 1024.0, 2048.0, 4096.0, 8192.0, 16384.0, 32768.0, 65536.0, 131072.0, 262144.0, 49152.0, 0.0, 0.0, 0.0, 0.0, 0.0, 0.0, 0.0, 0.0, 0.0, 0.0, 0.0], [0.0, 19712.0, 0.0, 6656.0, 0.0, 6144.0, 0.0, 13952.0, 0.0, 9216.0, 0.0, 8192.0, 2742336.0, -3056263.0, 0.0, 640.0, 0.0, 1024.0, 0.0, 21888.0, 0.0, 10368.0, 0.0, 29952.0, 0.0, 54400.0, 0.0, 14080.0, 0.0, 14848.0, 0.0, 16640.0, 0.0, 6016.0, 0.0, 8320.0, 0.0, 0.0, 0.0, 0.0, 0.0, 0.0, 0.0, 0.0, 0.0, 0.0, 0.0, 128.0, 256.0, 512.0, 1024.0, 2048.0, 4096.0, 8192.0, 16384.0, 32768.0, 65536.0, 34432.0], [3080.0, 0.0, 1040.0, 0.0, 960.0, 0.0, 2180.0, 0.0, 1440.0, 0.0, 1280.0, 0.0, 2560.0, 0.0, -2786993.0, 2742336.0, 160.0, 0.0, 3420.0, 0.0, 1620.0, 0.0, 4680.0, 0.0, 8500.0, 0.0, 2200.0, 0.0, 2320.0, 0.0, 2600.0, 0.0, 940.0, 0.0, 1300.0, 0.0, 20.0, 40.0, 80.0, 160.0, 320.0, 640.0, 1280.0, 2560.0, 5120.0, 10240.0, 1920.0, 0.0, 0.0, 0.0, 0.0, 0.0, 0.0, 0.0, 0.0, 0.0, 0.0, 0.0], [0.0, 770.0, 0.0, 260.0, 0.0, 240.0, 0.0, 545.0, 0.0, 360.0, 0.0, 320.0, 0.0, 640.0, 2742336.0, -2755228.0, 0.0, 40.0, 0.0, 855.0, 0.0, 405.0, 0.0, 1170.0, 0.0, 2125.0, 0.0, 550.0, 0.0, 580.0, 0.0, 650.0, 0.0, 235.0, 0.0, 325.0, 0.0, 0.0, 0.0, 0.0, 0.0, 0.0, 0.0, 0.0, 0.0, 0.0, 0.0, 5.0, 10.0, 20.0, 40.0, 80.0, 160.0, 320.0, 640.0, 1280.0, 2560.0, 1345.0], [4928.0, 0.0, 1664.0, 0.0, 1536.0, 0.0, 3488.0, 0.0, 2304.0, 0.0, 2048.0, 0.0, 4096.0, 0.0, 160.0, 0.0, -2813693.0, 2742336.0, 5472.0, 0.0, 2592.0, 0.0, 7488.0, 0.0, 13600.0, 0.0, 3520.0, 0.0, 3712.0, 0.0, 4160.0, 0.0, 1504.0, 0.0, 2080.0, 0.0, 32.0, 64.0, 128.0, 256.0, 512.0, 1024.0, 2048.0, 4096.0, 8192.0, 16384.0, 3072.0, 0.0, 0.0, 0.0, 0.0, 0.0, 0.0, 0.0, 0.0, 0.0, 0.0, 0.0], [0.0, 1232.0, 0.0, 416.0, 0.0, 384.0, 0.0, 872.0, 0.0, 576.0, 0.0, 512.0, 0.0, 1024.0, 0.0, 40.0, 2742336.0, -2762941.0, 0.0, 1368.0, 0.0, 648.0, 0.0, 1872.0, 0.0, 3400.0, 0.0, 880.0, 0.0, 928.0, 0.0, 1040.0, 0.0, 376.0, 0.0, 520.0, 0.0, 0.0, 0.0, 0.0, 0.0, 0.0, 0.0, 0.0, 0.0, 0.0, 0.0, 8.0, 16.0, 32.0, 64.0, 128.0, 256.0, 512.0, 1024.0, 2048.0, 4096.0, 2152.0], [105336.0, 0.0, 35568.0, 0.0, 32832.0, 0.0, 74556.0, 0.0, 49248.0, 0.0, 43776.0, 0.0, 87552.0, 0.0, 3420.0, 0.0, 5472.0, 0.0, -4156065.0, 2742336.0, 55404.0, 0.0, 160056.0, 0.0, 290700.0, 0.0, 75240.0, 0.0, 79344.0, 0.0, 88920.0, 0.0, 32148.0, 0.0, 44460.0, 0.0, 684.0, 1368.0, 2736.0, 5472.0, 10944.0, 21888.0, 43776.0, 87552.0, 175104.0, 350208.0, 65664.0, 0.0, 0.0, 0.0, 0.0, 0.0, 0.0, 0.0, 0.0, 0.0, 0.0, 0.0], [0.0, 26334.0, 0.0, 8892.0, 0.0, 8208.0, 0.0, 18639.0, 0.0, 12312.0, 0.0, 10944.0, 0.0, 21888.0, 0.0, 855.0, 0.0, 1368.0, 2742336.0, -3154881.0, 0.0, 13851.0, 0.0, 40014.0, 0.0, 72675.0, 0.0, 18810.0, 0.0, 19836.0, 0.0, 22230.0, 0.0, 8037.0, 0.0, 11115.0, 0.0, 0.0, 0.0, 0.0, 0.0, 0.0, 0.0, 0.0, 0.0, 0.0, 0.0, 171.0, 342.0, 684.0, 1368.0, 2736.0, 5472.0, 10944.0, 21888.0, 43776.0, 87552.0, 45999.0], [49896.0, 0.0, 16848.0, 0.0, 15552.0, 0.0, 35316.0, 0.0, 23328.0, 0.0, 20736.0, 0.0, 41472.0, 0.0, 1620.0, 0.0, 2592.0, 0.0, 55404.0, 0.0, -3441159.0, 2742336.0, 75816.0, 0.0, 137700.0, 0.0, 35640.0, 0.0, 37584.0, 0.0, 42120.0, 0.0, 15228.0, 0.0, 21060.0, 0.0, 324.0, 648.0, 1296.0, 2592.0, 5184.0, 10368.0, 20736.0, 41472.0, 82944.0, 165888.0, 31104.0, 0.0, 0.0, 0.0, 0.0, 0.0, 0.0, 0.0, 0.0, 0.0, 0.0, 0.0], [0.0, 12474.0, 0.0, 4212.0, 0.0, 3888.0, 0.0, 8829.0, 0.0, 5832.0, 0.0, 5184.0, 0.0, 10368.0, 0.0, 405.0, 0.0, 648.0, 0.0, 13851.0, 2742336.0, -2945043.0, 0.0, 18954.0, 0.0, 34425.0, 0.0, 8910.0, 0.0, 9396.0, 0.0, 10530.0, 0.0, 3807.0, 0.0, 5265.0, 0.0, 0.0, 0.0, 0.0, 0.0, 0.0, 0.0, 0.0, 0.0, 0.0, 0.0, 81.0, 162.0, 324.0, 648.0, 1296.0, 2592.0, 5184.0, 10368.0, 20736.0, 41472.0, 21789.0], [144144.0, 0.0, 48672.0, 0.0, 44928.0, 0.0, 102024.0, 0.0, 67392.0, 0.0, 59904.0, 0.0, 119808.0, 0.0, 4680.0, 0.0, 7488.0, 0.0, 160056.0, 0.0, 75816.0, 0.0, -4617849.0, 2742336.0, 397800.0, 0.0, 102960.0, 0.0, 108576.0, 0.0, 121680.0, 0.0, 43992.0, 0.0, 60840.0, 0.0, 936.0, 1872.0, 3744.0, 7488.0, 14976.0, 29952.0, 59904.0, 119808.0, 239616.0, 479232.0, 89856.0, 0.0, 0.0, 0.0, 0.0, 0.0, 0.0, 0.0, 0.0, 0.0, 0.0, 0.0], [0.0, 36036.0, 0.0, 12168.0, 0.0, 11232.0, 0.0, 25506.0, 0.0, 16848.0, 0.0, 14976.0, 0.0, 29952.0, 0.0, 1170.0, 0.0, 1872.0, 0.0, 40014.0, 0.0, 18954.0, 2742336.0, -3292035.0, 0.0, 99450.0, 0.0, 25740.0, 0.0, 27144.0, 0.0, 30420.0, 0.0, 10998.0, 0.0, 15210.0, 0.0, 0.0, 0.0, 0.0, 0.0, 0.0, 0.0, 0.0, 0.0, 0.0, 0.0, 234.0, 468.0, 936.0, 1872.0, 3744.0, 7488.0, 14976.0, 29952.0, 59904.0, 119808.0, 62946.0], [261800.0, 0.0, 88400.0, 0.0, 81600.0, 0.0, 185300.0, 0.0, 122400.0, 0.0, 108800.0, 0.0, 217600.0, 0.0, 8500.0, 0.0, 13600.0, 0.0, 290700.0, 0.0, 137700.0, 0.0, 397800.0, 0.0, -5823803.0, 2742336.0, 187000.0, 0.0, 197200.0, 0.0, 221000.0, 0.0, 79900.0, 0.0, 110500.0, 0.0, 1700.0, 3400.0, 6800.0, 13600.0, 27200.0, 54400.0, 108800.0, 217600.0, 435200.0, 870400.0, 163200.0, 0.0, 0.0, 0.0, 0.0, 0.0, 0.0, 0.0, 0.0, 0.0, 0.0, 0.0], [0.0, 65450.0, 0.0, 22100.0, 0.0, 20400.0, 0.0, 46325.0, 0.0, 30600.0, 0.0, 27200.0, 0.0, 54400.0, 0.0, 2125.0, 0.0, 3400.0, 0.0, 72675.0, 0.0, 34425.0, 0.0, 99450.0, 2742336.0, -3659332.0, 0.0, 46750.0, 0.0, 49300.0, 0.0, 55250.0, 0.0, 19975.0, 0.0, 27625.0, 0.0, 0.0, 0.0, 0.0, 0.0, 0.0, 0.0, 0.0, 0.0, 0.0, 0.0, 425.0, 850.0, 1700.0, 3400.0, 6800.0, 13600.0, 27200.0, 54400.0, 108800.0, 217600.0, 114325.0], [67760.0, 0.0, 22880.0, 0.0, 21120.0, 0.0, 47960.0, 0.0, 31680.0, 0.0, 28160.0, 0.0, 56320.0, 0.0, 2200.0, 0.0, 3520.0, 0.0, 75240.0, 0.0, 35640.0, 0.0, 102960.0, 0.0, 187000.0, 0.0, -3678593.0, 2742336.0, 51040.0, 0.0, 57200.0, 0.0, 20680.0, 0.0, 28600.0, 0.0, 440.0, 880.0, 1760.0, 3520.0, 7040.0, 14080.0, 28160.0, 56320.0, 112640.0, 225280.0, 42240.0, 0.0, 0.0, 0.0, 0.0, 0.0, 0.0, 0.0, 0.0, 0.0, 0.0, 0.0], [0.0, 16940.0, 0.0, 5720.0, 0.0, 5280.0, 0.0, 11990.0, 0.0, 7920.0, 0.0, 7040.0, 0.0, 14080.0, 0.0, 550.0, 0.0, 880.0, 0.0, 18810.0, 0.0, 8910.0, 0.0, 25740.0, 0.0, 46750.0, 2742336.0, -3014428.0, 0.0, 12760.0, 0.0, 14300.0, 0.0, 5170.0, 0.0, 7150.0, 0.0, 0.0, 0.0, 0.0, 0.0, 0.0, 0.0, 0.0, 0.0, 0.0, 0.0, 110.0, 220.0, 440.0, 880.0, 1760.0, 3520.0, 7040.0, 14080.0, 28160.0, 56320.0, 29590.0], [71456.0, 0.0, 24128.0, 0.0, 22272.0, 0.0, 50576.0, 0.0, 33408.0, 0.0, 29696.0, 0.0, 59392.0, 0.0, 2320.0, 0.0, 3712.0, 0.0, 79344.0, 0.0, 37584.0, 0.0, 108576.0, 0.0, 197200.0, 0.0, 51040.0, 0.0, -3726878.0, 2742336.0, 60320.0, 0.0, 21808.0, 0.0, 30160.0, 0.0, 464.0, 928.0, 1856.0, 3712.0, 7424.0, 14848.0, 29696.0, 59392.0, 118784.0, 237568.0, 44544.0, 0.0, 0.0, 0.0, 0.0, 0.0, 0.0, 0.0, 0.0, 0.0, 0.0, 0.0], [0.0, 17864.0, 0.0, 6032.0, 0.0, 5568.0, 0.0, 12644.0, 0.0, 8352.0, 0.0, 7424.0, 0.0, 14848.0, 0.0, 580.0, 0.0, 928.0, 0.0, 19836.0, 0.0, 9396.0, 0.0, 27144.0, 0.0, 49300.0, 0.0, 12760.0, 2742336.0, -3028573.0, 0.0, 15080.0, 0.0, 5452.0, 0.0, 7540.0, 0.0, 0.0, 0.0, 0.0, 0.0, 0.0, 0.0, 0.0, 0.0, 0.0, 0.0, 116.0, 232.0, 464.0, 928.0, 1856.0, 3712.0, 7424.0, 14848.0, 29696.0, 59392.0, 31204.0], [80080.0, 0.0, 27040.0, 0.0, 24960.0, 0.0, 56680.0, 0.0, 37440.0, 0.0, 33280.0, 0.0, 66560.0, 0.0, 2600.0, 0.0, 4160.0, 0.0, 88920.0, 0.0, 42120.0, 0.0, 121680.0, 0.0, 221000.0, 0.0, 57200.0, 0.0, 60320.0, 0.0, -3838418.0, 2742336.0, 24440.0, 0.0, 33800.0, 0.0, 520.0, 1040.0, 2080.0, 4160.0, 8320.0, 16640.0, 33280.0, 66560.0, 133120.0, 266240.0, 49920.0, 0.0, 0.0, 0.0, 0.0, 0.0, 0.0, 0.0, 0.0, 0.0, 0.0, 0.0], [0.0, 20020.0, 0.0, 6760.0, 0.0, 6240.0, 0.0, 14170.0, 0.0, 9360.0, 0.0, 8320.0, 0.0, 16640.0, 0.0, 650.0, 0.0, 1040.0, 0.0, 22230.0, 0.0, 10530.0, 0.0, 30420.0, 0.0, 55250.0, 0.0, 14300.0, 0.0, 15080.0, 2742336.0, -3061293.0, 0.0, 6110.0, 0.0, 8450.0, 0.0, 0.0, 0.0, 0.0, 0.0, 0.0, 0.0, 0.0, 0.0, 0.0, 0.0, 130.0, 260.0, 520.0, 1040.0, 2080.0, 4160.0, 8320.0, 16640.0, 33280.0, 66560.0, 34970.0], [28952.0, 0.0, 9776.0, 0.0, 9024.0, 0.0, 20492.0, 0.0, 13536.0, 0.0, 12032.0, 0.0, 24064.0, 0.0, 940.0, 0.0, 1504.0, 0.0, 32148.0, 0.0, 15228.0, 0.0, 43992.0, 0.0, 79900.0, 0.0, 20680.0, 0.0, 21808.0, 0.0, 24440.0, 0.0, -3154220.0, 2742336.0, 12220.0, 0.0, 188.0, 376.0, 752.0, 1504.0, 3008.0, 6016.0, 12032.0, 24064.0, 48128.0, 96256.0, 18048.0, 0.0, 0.0, 0.0, 0.0, 0.0, 0.0, 0.0, 0.0, 0.0, 0.0, 0.0], [0.0, 7238.0, 0.0, 2444.0, 0.0, 2256.0, 0.0, 5123.0, 0.0, 3384.0, 0.0, 3008.0, 0.0, 6016.0, 0.0, 235.0, 0.0, 376.0, 0.0, 8037.0, 0.0, 3807.0, 0.0, 10998.0, 0.0, 19975.0, 0.0, 5170.0, 0.0, 5452.0, 0.0, 6110.0, 2742336.0, -2861557.0, 0.0, 3055.0, 0.0, 0.0, 0.0, 0.0, 0.0, 0.0, 0.0, 0.0, 0.0, 0.0, 0.0, 47.0, 94.0, 188.0, 376.0, 752.0, 1504.0, 3008.0, 6016.0, 12032.0, 24064.0, 12643.0], [40040.0, 0.0, 13520.0, 0.0, 12480.0, 0.0, 28340.0, 0.0, 18720.0, 0.0, 16640.0, 0.0, 33280.0, 0.0, 1300.0, 0.0, 2080.0, 0.0, 44460.0, 0.0, 21060.0, 0.0, 60840.0, 0.0, 110500.0, 0.0, 28600.0, 0.0, 30160.0, 0.0, 33800.0, 0.0, 12220.0, 0.0, -3307280.0, 2742336.0, 260.0, 520.0, 1040.0, 2080.0, 4160.0, 8320.0, 16640.0, 33280.0, 66560.0, 133120.0, 24960.0, 0.0, 0.0, 0.0, 0.0, 0.0, 0.0, 0.0, 0.0, 0.0, 0.0, 0.0], [0.0, 10010.0, 0.0, 3380.0, 0.0, 3120.0, 0.0, 7085.0, 0.0, 4680.0, 0.0, 4160.0, 0.0, 8320.0, 0.0, 325.0, 0.0, 520.0, 0.0, 11115.0, 0.0, 5265.0, 0.0, 15210.0, 0.0, 27625.0, 0.0, 7150.0, 0.0, 7540.0, 0.0, 8450.0, 0.0, 3055.0, 2742336.0, -2906038.0, 0.0, 0.0, 0.0, 0.0, 0.0, 0.0, 0.0, 0.0, 0.0, 0.0, 0.0, 65.0, 130.0, 260.0, 520.0, 1040.0, 2080.0, 4160.0, 8320.0, 16640.0, 33280.0, 17485.0], [616.0, 0.0, 208.0, 0.0, 192.0, 0.0, 436.0, 0.0, 288.0, 0.0, 256.0, 0.0, 512.0, 0.0, 20.0, 0.0, 32.0, 0.0, 684.0, 0.0, 324.0, 0.0, 936.0, 0.0, 1700.0, 0.0, 440.0, 0.0, 464.0, 0.0, 520.0, 0.0, 188.0, 0.0, 260.0, 0.0, -8948.0, 8.0, 16.0, 32.0, 64.0, 128.0, 256.0, 512.0, 1024.0, 2048.0, 384.0, 0.0, 0.0, 0.0, 0.0, 0.0, 0.0, 0.0, 0.0, 0.0, 0.0, 0.0], [1232.0, 0.0, 416.0, 0.0, 384.0, 0.0, 872.0, 0.0, 576.0, 0.0, 512.0, 0.0, 1024.0, 0.0, 40.0, 0.0, 64.0, 0.0, 1368.0, 0.0, 648.0, 0.0, 1872.0, 0.0, 3400.0, 0.0, 880.0, 0.0, 928.0, 0.0, 1040.0, 0.0, 376.0, 0.0, 520.0, 0.0, 8.0, -17888.0, 32.0, 64.0, 128.0, 256.0, 512.0, 1024.0, 2048.0, 4096.0, 768.0, 0.0, 0.0, 0.0, 0.0, 0.0, 0.0, 0.0, 0.0, 0.0, 0.0, 0.0], [2464.0, 0.0, 832.0, 0.0, 768.0, 0.0, 1744.0, 0.0, 1152.0, 0.0, 1024.0, 0.0, 2048.0, 0.0, 80.0, 0.0, 128.0, 0.0, 2736.0, 0.0, 1296.0, 0.0, 3744.0, 0.0, 6800.0, 0.0, 1760.0, 0.0, 1856.0, 0.0, 2080.0, 0.0, 752.0, 0.0, 1040.0, 0.0, 16.0, 32.0, -35744.0, 128.0, 256.0, 512.0, 1024.0, 2048.0, 4096.0, 8192.0, 1536.0, 0.0, 0.0, 0.0, 0.0, 0.0, 0.0, 0.0, 0.0, 0.0, 0.0, 0.0], [4928.0, 0.0, 1664.0, 0.0, 1536.0, 0.0, 3488.0, 0.0, 2304.0, 0.0, 2048.0, 0.0, 4096.0, 0.0, 160.0, 0.0, 256.0, 0.0, 5472.0, 0.0, 2592.0, 0.0, 7488.0, 0.0, 13600.0, 0.0, 3520.0, 0.0, 3712.0, 0.0, 4160.0, 0.0, 1504.0, 0.0, 2080.0, 0.0, 32.0, 64.0, 128.0, -71360.0, 512.0, 1024.0, 2048.0, 4096.0, 8192.0, 16384.0, 3072.0, 0.0, 0.0, 0.0, 0.0, 0.0, 0.0, 0.0, 0.0, 0.0, 0.0, 0.0], [9856.0, 0.0, 3328.0, 0.0, 3072.0, 0.0, 6976.0, 0.0, 4608.0, 0.0, 4096.0, 0.0, 8192.0, 0.0, 320.0, 0.0, 512.0, 0.0, 10944.0, 0.0, 5184.0, 0.0, 14976.0, 0.0, 27200.0, 0.0, 7040.0, 0.0, 7424.0, 0.0, 8320.0, 0.0, 3008.0, 0.0, 4160.0, 0.0, 64.0, 128.0, 256.0, 512.0, -142208.0, 2048.0, 4096.0, 8192.0, 16384.0, 32768.0, 6144.0, 0.0, 0.0, 0.0, 0.0, 0.0, 0.0, 0.0, 0.0, 0.0, 0.0, 0.0], [19712.0, 0.0, 6656.0, 0.0, 6144.0, 0.0, 13952.0, 0.0, 9216.0, 0.0, 8192.0, 0.0, 16384.0, 0.0, 640.0, 0.0, 1024.0, 0.0, 21888.0, 0.0, 10368.0, 0.0, 29952.0, 0.0, 54400.0, 0.0, 14080.0, 0.0, 14848.0, 0.0, 16640.0, 0.0, 6016.0, 0.0, 8320.0, 0.0, 128.0, 256.0, 512.0, 1024.0, 2048.0, -282368.0, 8192.0, 16384.0, 32768.0, 65536.0, 12288.0, 0.0, 0.0, 0.0, 0.0, 0.0, 0.0, 0.0, 0.0, 0.0, 0.0, 0.0], [39424.0, 0.0, 13312.0, 0.0, 12288.0, 0.0, 27904.0, 0.0, 18432.0, 0.0, 16384.0, 0.0, 32768.0, 0.0, 1280.0, 0.0, 2048.0, 0.0, 43776.0, 0.0, 20736.0, 0.0, 59904.0, 0.0, 108800.0, 0.0, 28160.0, 0.0, 29696.0, 0.0, 33280.0, 0.0, 12032.0, 0.0, 16640.0, 0.0, 256.0, 512.0, 1024.0, 2048.0, 4096.0, 8192.0, -556544.0, 32768.0, 65536.0, 131072.0, 24576.0, 0.0, 0.0, 0.0, 0.0, 0.0, 0.0, 0.0, 0.0, 0.0, 0.0, 0.0], [78848.0, 0.0, 26624.0, 0.0, 24576.0, 0.0, 55808.0, 0.0, 36864.0, 0.0, 32768.0, 0.0, 65536.0, 0.0, 2560.0, 0.0, 4096.0, 0.0, 87552.0, 0.0, 41472.0, 0.0, 119808.0, 0.0, 217600.0, 0.0, 56320.0, 0.0, 59392.0, 0.0, 66560.0, 0.0, 24064.0, 0.0, 33280.0, 0.0, 512.0, 1024.0, 2048.0, 4096.0, 8192.0, 16384.0, 32768.0, -1080320.0, 131072.0, 262144.0, 49152.0, 0.0, 0.0, 0.0, 0.0, 0.0, 0.0, 0.0, 0.0, 0.0, 0.0, 0.0], [157696.0, 0.0, 53248.0, 0.0, 49152.0, 0.0, 111616.0, 0.0, 73728.0, 0.0, 65536.0, 0.0, 131072.0, 0.0, 5120.0, 0.0, 8192.0, 0.0, 175104.0, 0.0, 82944.0, 0.0, 239616.0, 0.0, 435200.0, 0.0, 112640.0, 0.0, 118784.0, 0.0, 133120.0, 0.0, 48128.0, 0.0, 66560.0, 0.0, 1024.0, 2048.0, 4096.0, 8192.0, 16384.0, 32768.0, 65536.0, 131072.0, -2029568.0, 524288.0, 98304.0, 0.0, 0.0, 0.0, 0.0, 0.0, 0.0, 0.0, 0.0, 0.0, 0.0, 0.0], [315392.0, 0.0, 106496.0, 0.0, 98304.0, 0.0, 223232.0, 0.0, 147456.0, 0.0, 131072.0, 0.0, 262144.0, 0.0, 10240.0, 0.0, 16384.0, 0.0, 350208.0, 0.0, 165888.0, 0.0, 479232.0, 0.0, 870400.0, 0.0, 225280.0, 0.0, 237568.0, 0.0, 266240.0, 0.0, 96256.0, 0.0, 133120.0, 0.0, 2048.0, 4096.0, 8192.0, 16384.0, 32768.0, 65536.0, 131072.0, 262144.0, 524288.0, -3534848.0, 196608.0, 0.0, 0.0, 0.0, 0.0, 0.0, 0.0, 0.0, 0.0, 0.0, 0.0, 0.0], [59136.0, 0.0, 19968.0, 0.0, 18432.0, 0.0, 41856.0, 0.0, 27648.0, 0.0, 24576.0, 0.0, 49152.0, 0.0, 1920.0, 0.0, 3072.0, 0.0, 65664.0, 0.0, 31104.0, 0.0, 89856.0, 0.0, 163200.0, 0.0, 42240.0, 0.0, 44544.0, 0.0, 49920.0, 0.0, 18048.0, 0.0, 24960.0, 0.0, 384.0, 768.0, 1536.0, 3072.0, 6144.0, 12288.0, 24576.0, 49152.0, 98304.0, 196608.0, -822528.0, 0.0, 0.0, 0.0, 0.0, 0.0, 0.0, 0.0, 0.0, 0.0, 0.0, 0.0], [0.0, 154.0, 0.0, 52.0, 0.0, 48.0, 0.0, 109.0, 0.0, 72.0, 0.0, 64.0, 0.0, 128.0, 0.0, 5.0, 0.0, 8.0, 0.0, 171.0, 0.0, 81.0, 0.0, 234.0, 0.0, 425.0, 0.0, 110.0, 0.0, 116.0, 0.0, 130.0, 0.0, 47.0, 0.0, 65.0, 0.0, 0.0, 0.0, 0.0, 0.0, 0.0, 0.0, 0.0, 0.0, 0.0, 0.0, -2583.0, 2.0, 4.0, 8.0, 16.0, 32.0, 64.0, 128.0, 256.0, 512.0, 269.0], [0.0, 308.0, 0.0, 104.0, 0.0, 96.0, 0.0, 218.0, 0.0, 144.0, 0.0, 128.0, 0.0, 256.0, 0.0, 10.0, 0.0, 16.0, 0.0, 342.0, 0.0, 162.0, 0.0, 468.0, 0.0, 850.0, 0.0, 220.0, 0.0, 232.0, 0.0, 260.0, 0.0, 94.0, 0.0, 130.0, 0.0, 0.0, 0.0, 0.0, 0.0, 0.0, 0.0, 0.0, 0.0, 0.0, 0.0, 2.0, -5164.0, 8.0, 16.0, 32.0, 64.0, 128.0, 256.0, 512.0, 1024.0, 538.0], [0.0, 616.0, 0.0, 208.0, 0.0, 192.0, 0.0, 436.0, 0.0, 288.0, 0.0, 256.0, 0.0, 512.0, 0.0, 20.0, 0.0, 32.0, 0.0, 684.0, 0.0, 324.0, 0.0, 936.0, 0.0, 1700.0, 0.0, 440.0, 0.0, 464.0, 0.0, 520.0, 0.0, 188.0, 0.0, 260.0, 0.0, 0.0, 0.0, 0.0, 0.0, 0.0, 0.0, 0.0, 0.0, 0.0, 0.0, 4.0, 8.0, -10320.0, 32.0, 64.0, 128.0, 256.0, 512.0, 1024.0, 2048.0, 1076.0], [0.0, 1232.0, 0.0, 416.0, 0.0, 384.0, 0.0, 872.0, 0.0, 576.0, 0.0, 512.0, 0.0, 1024.0, 0.0, 40.0, 0.0, 64.0, 0.0, 1368.0, 0.0, 648.0, 0.0, 1872.0, 0.0, 3400.0, 0.0, 880.0, 0.0, 928.0, 0.0, 1040.0, 0.0, 376.0, 0.0, 520.0, 0.0, 0.0, 0.0, 0.0, 0.0, 0.0, 0.0, 0.0, 0.0, 0.0, 0.0, 8.0, 16.0, 32.0, -20608.0, 128.0, 256.0, 512.0, 1024.0, 2048.0, 4096.0, 2152.0], [0.0, 2464.0, 0.0, 832.0, 0.0, 768.0, 0.0, 1744.0, 0.0, 1152.0, 0.0, 1024.0, 0.0, 2048.0, 0.0, 80.0, 0.0, 128.0, 0.0, 2736.0, 0.0, 1296.0, 0.0, 3744.0, 0.0, 6800.0, 0.0, 1760.0, 0.0, 1856.0, 0.0, 2080.0, 0.0, 752.0, 0.0, 1040.0, 0.0, 0.0, 0.0, 0.0, 0.0, 0.0, 0.0, 0.0, 0.0, 0.0, 0.0, 16.0, 32.0, 64.0, 128.0, -41088.0, 512.0, 1024.0, 2048.0, 4096.0, 8192.0, 4304.0], [0.0, 4928.0, 0.0, 1664.0, 0.0, 1536.0, 0.0, 3488.0, 0.0, 2304.0, 0.0, 2048.0, 0.0, 4096.0, 0.0, 160.0, 0.0, 256.0, 0.0, 5472.0, 0.0, 2592.0, 0.0, 7488.0, 0.0, 13600.0, 0.0, 3520.0, 0.0, 3712.0, 0.0, 4160.0, 0.0, 1504.0, 0.0, 2080.0, 0.0, 0.0, 0.0, 0.0, 0.0, 0.0, 0.0, 0.0, 0.0, 0.0, 0.0, 32.0, 64.0, 128.0, 256.0, 512.0, -81664.0, 2048.0, 4096.0, 8192.0, 16384.0, 8608.0], [0.0, 9856.0, 0.0, 3328.0, 0.0, 3072.0, 0.0, 6976.0, 0.0, 4608.0, 0.0, 4096.0, 0.0, 8192.0, 0.0, 320.0, 0.0, 512.0, 0.0, 10944.0, 0.0, 5184.0, 0.0, 14976.0, 0.0, 27200.0, 0.0, 7040.0, 0.0, 7424.0, 0.0, 8320.0, 0.0, 3008.0, 0.0, 4160.0, 0.0, 0.0, 0.0, 0.0, 0.0, 0.0, 0.0, 0.0, 0.0, 0.0, 0.0, 64.0, 128.0, 256.0, 512.0, 1024.0, 2048.0, -161280.0, 8192.0, 16384.0, 32768.0, 17216.0], [0.0, 19712.0, 0.0, 6656.0, 0.0, 6144.0, 0.0, 13952.0, 0.0, 9216.0, 0.0, 8192.0, 0.0, 16384.0, 0.0, 640.0, 0.0, 1024.0, 0.0, 21888.0, 0.0, 10368.0, 0.0, 29952.0, 0.0, 54400.0, 0.0, 14080.0, 0.0, 14848.0, 0.0, 16640.0, 0.0, 6016.0, 0.0, 8320.0, 0.0, 0.0, 0.0, 0.0, 0.0, 0.0, 0.0, 0.0, 0.0, 0.0, 0.0, 128.0, 256.0, 512.0, 1024.0, 2048.0, 4096.0, 8192.0, -314368.0, 32768.0, 65536.0, 34432.0], [0.0, 39424.0, 0.0, 13312.0, 0.0, 12288.0, 0.0, 27904.0, 0.0, 18432.0, 0.0, 16384.0, 0.0, 32768.0, 0.0, 1280.0, 0.0, 2048.0, 0.0, 43776.0, 0.0, 20736.0, 0.0, 59904.0, 0.0, 108800.0, 0.0, 28160.0, 0.0, 29696.0, 0.0, 33280.0, 0.0, 12032.0, 0.0, 16640.0, 0.0, 0.0, 0.0, 0.0, 0.0, 0.0, 0.0, 0.0, 0.0, 0.0, 0.0, 256.0, 512.0, 1024.0, 2048.0, 4096.0, 8192.0, 16384.0, 32768.0, -595968.0, 131072.0, 68864.0], [0.0, 78848.0, 0.0, 26624.0, 0.0, 24576.0, 0.0, 55808.0, 0.0, 36864.0, 0.0, 32768.0, 0.0, 65536.0, 0.0, 2560.0, 0.0, 4096.0, 0.0, 87552.0, 0.0, 41472.0, 0.0, 119808.0, 0.0, 217600.0, 0.0, 56320.0, 0.0, 59392.0, 0.0, 66560.0, 0.0, 24064.0, 0.0, 33280.0, 0.0, 0.0, 0.0, 0.0, 0.0, 0.0, 0.0, 0.0, 0.0, 0.0, 0.0, 512.0, 1024.0, 2048.0, 4096.0, 8192.0, 16384.0, 32768.0, 65536.0, 131072.0, -1060864.0, 137728.0], [0.0, 41426.0, 0.0, 13988.0, 0.0, 12912.0, 0.0, 29321.0, 0.0, 19368.0, 0.0, 17216.0, 0.0, 34432.0, 0.0, 1345.0, 0.0, 2152.0, 0.0, 45999.0, 0.0, 21789.0, 0.0, 62946.0, 0.0, 114325.0, 0.0, 29590.0, 0.0, 31204.0, 0.0, 34970.0, 0.0, 12643.0, 0.0, 17485.0, 0.0, 0.0, 0.0, 0.0, 0.0, 0.0, 0.0, 0.0, 0.0, 0.0, 0.0, 269.0, 538.0, 1076.0, 2152.0, 4304.0, 8608.0, 17216.0, 34432.0, 68864.0, 137728.0, -622735.0]]"
  },
  "variable_mappings": [
    {
      "machine_id": 24,
      "machine_name_convenience_only": "GP260",
      "dieset_id": 10,
      "dieset_number_convenience_only": "4984449, 4984462",
      "variable_id": 0,
      "variable_name_convenience_only": "md_GP260_4984449, 4984462"
    },
    {
      "machine_id": 27,
      "machine_name_convenience_only": "GP640",
      "dieset_id": 10,
      "dieset_number_convenience_only": "4984449, 4984462",
      "variable_id": 1,
      "variable_name_convenience_only": "md_GP640_4984449, 4984462"
    },
    {
      "machine_id": 24,
      "machine_name_convenience_only": "GP260",
      "dieset_id": 9,
      "dieset_number_convenience_only": "4984449, 5031550",
      "variable_id": 2,
      "variable_name_convenience_only": "md_GP260_4984449, 5031550"
    },
    {
      "machine_id": 27,
      "machine_name_convenience_only": "GP640",
      "dieset_id": 9,
      "dieset_number_convenience_only": "4984449, 5031550",
      "variable_id": 3,
      "variable_name_convenience_only": "md_GP640_4984449, 5031550"
    },
    {
      "machine_id": 24,
      "machine_name_convenience_only": "GP260",
      "dieset_id": 1,
      "dieset_number_convenience_only": "4985498",
      "variable_id": 4,
      "variable_name_convenience_only": "md_GP260_4985498"
    },
    {
      "machine_id": 27,
      "machine_name_convenience_only": "GP640",
      "dieset_id": 1,
      "dieset_number_convenience_only": "4985498",
      "variable_id": 5,
      "variable_name_convenience_only": "md_GP640_4985498"
    },
    {
      "machine_id": 24,
      "machine_name_convenience_only": "GP260",
      "dieset_id": 4,
      "dieset_number_convenience_only": "5090393",
      "variable_id": 6,
      "variable_name_convenience_only": "md_GP260_5090393"
    },
    {
      "machine_id": 27,
      "machine_name_convenience_only": "GP640",
      "dieset_id": 4,
      "dieset_number_convenience_only": "5090393",
      "variable_id": 7,
      "variable_name_convenience_only": "md_GP640_5090393"
    },
    {
      "machine_id": 24,
      "machine_name_convenience_only": "GP260",
      "dieset_id": 30,
      "dieset_number_convenience_only": "5101959",
      "variable_id": 8,
      "variable_name_convenience_only": "md_GP260_5101959"
    },
    {
      "machine_id": 27,
      "machine_name_convenience_only": "GP640",
      "dieset_id": 30,
      "dieset_number_convenience_only": "5101959",
      "variable_id": 9,
      "variable_name_convenience_only": "md_GP640_5101959"
    },
    {
      "machine_id": 24,
      "machine_name_convenience_only": "GP260",
      "dieset_id": 32,
      "dieset_number_convenience_only": "5102992",
      "variable_id": 10,
      "variable_name_convenience_only": "md_GP260_5102992"
    },
    {
      "machine_id": 27,
      "machine_name_convenience_only": "GP640",
      "dieset_id": 32,
      "dieset_number_convenience_only": "5102992",
      "variable_id": 11,
      "variable_name_convenience_only": "md_GP640_5102992"
    },
    {
      "machine_id": 24,
      "machine_name_convenience_only": "GP260",
      "dieset_id": 15,
      "dieset_number_convenience_only": "5103015",
      "variable_id": 12,
      "variable_name_convenience_only": "md_GP260_5103015"
    },
    {
      "machine_id": 27,
      "machine_name_convenience_only": "GP640",
      "dieset_id": 15,
      "dieset_number_convenience_only": "5103015",
      "variable_id": 13,
      "variable_name_convenience_only": "md_GP640_5103015"
    },
    {
      "machine_id": 24,
      "machine_name_convenience_only": "GP260",
      "dieset_id": 11,
      "dieset_number_convenience_only": "5448237",
      "variable_id": 14,
      "variable_name_convenience_only": "md_GP260_5448237"
    },
    {
      "machine_id": 27,
      "machine_name_convenience_only": "GP640",
      "dieset_id": 11,
      "dieset_number_convenience_only": "5448237",
      "variable_id": 15,
      "variable_name_convenience_only": "md_GP640_5448237"
    },
    {
      "machine_id": 24,
      "machine_name_convenience_only": "GP260",
      "dieset_id": 0,
      "dieset_number_convenience_only": "5457220",
      "variable_id": 16,
      "variable_name_convenience_only": "md_GP260_5457220"
    },
    {
      "machine_id": 27,
      "machine_name_convenience_only": "GP640",
      "dieset_id": 0,
      "dieset_number_convenience_only": "5457220",
      "variable_id": 17,
      "variable_name_convenience_only": "md_GP640_5457220"
    },
    {
      "machine_id": 24,
      "machine_name_convenience_only": "GP260",
      "dieset_id": 18,
      "dieset_number_convenience_only": "5709958",
      "variable_id": 18,
      "variable_name_convenience_only": "md_GP260_5709958"
    },
    {
      "machine_id": 27,
      "machine_name_convenience_only": "GP640",
      "dieset_id": 18,
      "dieset_number_convenience_only": "5709958",
      "variable_id": 19,
      "variable_name_convenience_only": "md_GP640_5709958"
    },
    {
      "machine_id": 24,
      "machine_name_convenience_only": "GP260",
      "dieset_id": 26,
      "dieset_number_convenience_only": "5717907",
      "variable_id": 20,
      "variable_name_convenience_only": "md_GP260_5717907"
    },
    {
      "machine_id": 27,
      "machine_name_convenience_only": "GP640",
      "dieset_id": 26,
      "dieset_number_convenience_only": "5717907",
      "variable_id": 21,
      "variable_name_convenience_only": "md_GP640_5717907"
    },
    {
      "machine_id": 24,
      "machine_name_convenience_only": "GP260",
      "dieset_id": 3,
      "dieset_number_convenience_only": "5718733, 5718701",
      "variable_id": 22,
      "variable_name_convenience_only": "md_GP260_5718733, 5718701"
    },
    {
      "machine_id": 27,
      "machine_name_convenience_only": "GP640",
      "dieset_id": 3,
      "dieset_number_convenience_only": "5718733, 5718701",
      "variable_id": 23,
      "variable_name_convenience_only": "md_GP640_5718733, 5718701"
    },
    {
      "machine_id": 24,
      "machine_name_convenience_only": "GP260",
      "dieset_id": 7,
      "dieset_number_convenience_only": "5801397",
      "variable_id": 24,
      "variable_name_convenience_only": "md_GP260_5801397"
    },
    {
      "machine_id": 27,
      "machine_name_convenience_only": "GP640",
      "dieset_id": 7,
      "dieset_number_convenience_only": "5801397",
      "variable_id": 25,
      "variable_name_convenience_only": "md_GP640_5801397"
    },
    {
      "machine_id": 24,
      "machine_name_convenience_only": "GP260",
      "dieset_id": 17,
      "dieset_number_convenience_only": "6139086",
      "variable_id": 26,
      "variable_name_convenience_only": "md_GP260_6139086"
    },
    {
      "machine_id": 27,
      "machine_name_convenience_only": "GP640",
      "dieset_id": 17,
      "dieset_number_convenience_only": "6139086",
      "variable_id": 27,
      "variable_name_convenience_only": "md_GP640_6139086"
    },
    {
      "machine_id": 24,
      "machine_name_convenience_only": "GP260",
      "dieset_id": 2,
      "dieset_number_convenience_only": "6139136, 5718701",
      "variable_id": 28,
      "variable_name_convenience_only": "md_GP260_6139136, 5718701"
    },
    {
      "machine_id": 27,
      "machine_name_convenience_only": "GP640",
      "dieset_id": 2,
      "dieset_number_convenience_only": "6139136, 5718701",
      "variable_id": 29,
      "variable_name_convenience_only": "md_GP640_6139136, 5718701"
    },
    {
      "machine_id": 24,
      "machine_name_convenience_only": "GP260",
      "dieset_id": 14,
      "dieset_number_convenience_only": "6537158",
      "variable_id": 30,
      "variable_name_convenience_only": "md_GP260_6537158"
    },
    {
      "machine_id": 27,
      "machine_name_convenience_only": "GP640",
      "dieset_id": 14,
      "dieset_number_convenience_only": "6537158",
      "variable_id": 31,
      "variable_name_convenience_only": "md_GP640_6537158"
    },
    {
      "machine_id": 24,
      "machine_name_convenience_only": "GP260",
      "dieset_id": 5,
      "dieset_number_convenience_only": "6554016",
      "variable_id": 32,
      "variable_name_convenience_only": "md_GP260_6554016"
    },
    {
      "machine_id": 27,
      "machine_name_convenience_only": "GP640",
      "dieset_id": 5,
      "dieset_number_convenience_only": "6554016",
      "variable_id": 33,
      "variable_name_convenience_only": "md_GP640_6554016"
    },
    {
      "machine_id": 24,
      "machine_name_convenience_only": "GP260",
      "dieset_id": 22,
      "dieset_number_convenience_only": "6554065",
      "variable_id": 34,
      "variable_name_convenience_only": "md_GP260_6554065"
    },
    {
      "machine_id": 27,
      "machine_name_convenience_only": "GP640",
      "dieset_id": 22,
      "dieset_number_convenience_only": "6554065",
      "variable_id": 35,
      "variable_name_convenience_only": "md_GP640_6554065"
    }
  ],
  "model": {
    "dieset_choices": [
      {
        "dieset_id": 23,
        "dieset_number": "3002866",
        "machine_choices": [
          {
            "choice_name": "Put Dieset 3002866 on machine GP260",
            "machine": {
              "machine_id": 24,
              "machine_name": "GP260",
              "max_capacity_hours_per_timeslice": 3027.2706035218735,
              "max_capacity_constraint": {
                "constraint_name": "Max Capacity Machine GP260",
                "weight": 1.0
              },
              "cost_reallocation_euro": 10000.0
            },
            "work_required_hours": 16.494873808587574,
            "work_cost": 29872.2164673521,
            "transport_cost": 0.0,
            "transport_costs_breakdown": [
              {
                "location_id": 2,
                "location_name": "Dingolfing",
                "truckloads": 12.0,
                "transport_rate_euro_per_truck_per_km": 999.0,
                "distance_km": 0.0,
                "costs": 0.0
              }
            ]
          }
        ],
        "assign_exactly_once_constraint": null
      },
      {
        "dieset_id": 24,
        "dieset_number": "3002878",
        "machine_choices": [
          {
            "choice_name": "Put Dieset 3002878 on machine GP260",
            "machine": {
              "machine_id": 24,
              "machine_name": "GP260",
              "max_capacity_hours_per_timeslice": 3027.2706035218735,
              "max_capacity_constraint": {
                "constraint_name": "Max Capacity Machine GP260",
                "weight": 1.0
              },
              "cost_reallocation_euro": 10000.0
            },
            "work_required_hours": 15.959502279928897,
            "work_cost": 28902.65862895123,
            "transport_cost": 0.0,
            "transport_costs_breakdown": [
              {
                "location_id": 2,
                "location_name": "Dingolfing",
                "truckloads": 6.0,
                "transport_rate_euro_per_truck_per_km": 999.0,
                "distance_km": 0.0,
                "costs": 0.0
              }
            ]
          }
        ],
        "assign_exactly_once_constraint": null
      },
      {
        "dieset_id": 31,
        "dieset_number": "3002931",
        "machine_choices": [
          {
            "choice_name": "Put Dieset 3002931 on machine GP260",
            "machine": {
              "machine_id": 24,
              "machine_name": "GP260",
              "max_capacity_hours_per_timeslice": 3027.2706035218735,
              "max_capacity_constraint": {
                "constraint_name": "Max Capacity Machine GP260",
                "weight": 1.0
