{
  "qubo": {
    "id": 0,
    "name": "Model",
    "variables": [
      {
        "id": 0,
        "name": "0",
        "slack": false
      },
      {
        "id": 1,
        "name": "1",
        "slack": false
      },
      {
        "id": 2,
        "name": "2",
        "slack": false
      },
      {
        "id": 3,
        "name": "3",
        "slack": false
      },
      {
        "id": 4,
        "name": "4",
        "slack": false
      },
      {
        "id": 5,
        "name": "5",
        "slack": false
      },
      {
        "id": 6,
        "name": "6",
        "slack": false
      },
      {
        "id": 7,
        "name": "7",
        "slack": false
      },
      {
        "id": 8,
        "name": "8",
        "slack": false
      },
      {
        "id": 9,
        "name": "9",
        "slack": false
      },
      {
        "id": 10,
        "name": "10",
        "slack": false
      },
      {
        "id": 11,
        "name": "11",
        "slack": false
      },
      {
        "id": 12,
        "name": "12",
        "slack": false
      },
      {
        "id": 13,
        "name": "13",
        "slack": false
      },
      {
        "id": 14,
        "name": "14",
        "slack": false
      },
      {
        "id": 15,
        "name": "15",
        "slack": false
      },
      {
        "id": 16,
        "name": "16",
        "slack": false
      },
      {
        "id": 17,
        "name": "17",
        "slack": false
      },
      {
        "id": 18,
        "name": "18",
        "slack": false
      },
      {
        "id": 19,
        "name": "19",
        "slack": false
      },
      {
        "id": 20,
        "name": "20",
        "slack": false
      },
      {
        "id": 21,
        "name": "21",
        "slack": false
      },
      {
        "id": 22,
        "name": "22",
        "slack": false
      },
      {
        "id": 23,
        "name": "23",
        "slack": false
      },
      {
        "id": 24,
        "name": "24",
        "slack": false
      },
      {
        "id": 25,
        "name": "25",
        "slack": false
      },
      {
        "id": 26,
        "name": "capacity_constraint_machine_24@int_slack@0",
        "slack": true
      },
      {
        "id": 27,
        "name": "capacity_constraint_machine_24@int_slack@1",
        "slack": true
      },
      {
        "id": 28,
        "name": "capacity_constraint_machine_24@int_slack@2",
        "slack": true
      },
      {
        "id": 29,
        "name": "capacity_constraint_machine_24@int_slack@3",
        "slack": true
      },
      {
        "id": 30,
        "name": "capacity_constraint_machine_24@int_slack@4",
        "slack": true
      },
      {
        "id": 31,
        "name": "capacity_constraint_machine_24@int_slack@5",
        "slack": true
      },
      {
        "id": 32,
        "name": "capacity_constraint_machine_24@int_slack@6",
        "slack": true
      },
      {
        "id": 33,
        "name": "capacity_constraint_machine_24@int_slack@7",
        "slack": true
      },
      {
        "id": 34,
        "name": "capacity_constraint_machine_24@int_slack@8",
        "slack": true
      },
      {
        "id": 35,
        "name": "capacity_constraint_machine_24@int_slack@9",
        "slack": true
      },
      {
        "id": 36,
        "name": "capacity_constraint_machine_27@int_slack@0",
        "slack": true
      },
      {
        "id": 37,
        "name": "capacity_constraint_machine_27@int_slack@1",
        "slack": true
      },
      {
        "id": 38,
        "name": "capacity_constraint_machine_27@int_slack@2",
        "slack": true
      },
      {
        "id": 39,
        "name": "capacity_constraint_machine_27@int_slack@3",
        "slack": true
      },
      {
        "id": 40,
        "name": "capacity_constraint_machine_27@int_slack@4",
        "slack": true
      },
      {
        "id": 41,
        "name": "capacity_constraint_machine_27@int_slack@5",
        "slack": true
      },
      {
        "id": 42,
        "name": "capacity_constraint_machine_27@int_slack@6",
        "slack": true
      },
      {
        "id": 43,
        "name": "capacity_constraint_machine_27@int_slack@7",
        "slack": true
      },
      {
        "id": 44,
        "name": "capacity_constraint_machine_27@int_slack@8",
        "slack": true
      },
      {
        "id": 45,
        "name": "capacity_constraint_machine_27@int_slack@9",
        "slack": true
      }
    ],
    "constant": 24681126.0,
    "matrix": "[[-2581676.0, 1585081.0, 32032.0, 0.0, 29568.0, 0.0, 67144.0, 0.0, 44352.0, 0.0, 39424.0, 0.0, 78848.0, 0.0, 3080.0, 0.0, 4928.0, 0.0, 105336.0, 0.0, 49896.0, 0.0, 144144.0, 0.0, 261800.0, 0.0, 616.0, 1232.0, 2464.0, 4928.0, 9856.0, 19712.0, 39424.0, 78848.0, 157696.0, 231000.0, 0.0, 0.0, 0.0, 0.0, 0.0, 0.0, 0.0, 0.0, 0.0, 0.0], [1585081.0, -1859126.0, 0.0, 8008.0, 0.0, 7392.0, 0.0, 16786.0, 0.0, 11088.0, 0.0, 9856.0, 0.0, 19712.0, 0.0, 770.0, 0.0, 1232.0, 0.0, 26334.0, 0.0, 12474.0, 0.0, 36036.0, 0.0, 65450.0, 0.0, 0.0, 0.0, 0.0, 0.0, 0.0, 0.0, 0.0, 0.0, 0.0, 154.0, 308.0, 616.0, 1232.0, 2464.0, 4928.0, 9856.0, 19712.0, 39424.0, 70224.0], [32032.0, 0.0, -1942814.0, 1585081.0, 9984.0, 0.0, 22672.0, 0.0, 14976.0, 0.0, 13312.0, 0.0, 26624.0, 0.0, 1040.0, 0.0, 1664.0, 0.0, 35568.0, 0.0, 16848.0, 0.0, 48672.0, 0.0, 88400.0, 0.0, 208.0, 416.0, 832.0, 1664.0, 3328.0, 6656.0, 13312.0, 26624.0, 53248.0, 78000.0, 0.0, 0.0, 0.0, 0.0, 0.0, 0.0, 0.0, 0.0, 0.0, 0.0], [0.0, 8008.0, 1585081.0, -1682924.0, 0.0, 2496.0, 0.0, 5668.0, 0.0, 3744.0, 0.0, 3328.0, 0.0, 6656.0, 0.0, 260.0, 0.0, 416.0, 0.0, 8892.0, 0.0, 4212.0, 0.0, 12168.0, 0.0, 22100.0, 0.0, 0.0, 0.0, 0.0, 0.0, 0.0, 0.0, 0.0, 0.0, 0.0, 52.0, 104.0, 208.0, 416.0, 832.0, 1664.0, 3328.0, 6656.0, 13312.0, 23712.0], [29568.0, 0.0, 9984.0, 0.0, -1916062.0, 1585081.0, 20928.0, 0.0, 13824.0, 0.0, 12288.0, 0.0, 24576.0, 0.0, 960.0, 0.0, 1536.0, 0.0, 32832.0, 0.0, 15552.0, 0.0, 44928.0, 0.0, 81600.0, 0.0, 192.0, 384.0, 768.0, 1536.0, 3072.0, 6144.0, 12288.0, 24576.0, 49152.0, 72000.0, 0.0, 0.0, 0.0, 0.0, 0.0, 0.0, 0.0, 0.0, 0.0, 0.0], [0.0, 7392.0, 0.0, 2496.0, 1585081.0, -1675588.0, 0.0, 5232.0, 0.0, 3456.0, 0.0, 3072.0, 0.0, 6144.0, 0.0, 240.0, 0.0, 384.0, 0.0, 8208.0, 0.0, 3888.0, 0.0, 11232.0, 0.0, 20400.0, 0.0, 0.0, 0.0, 0.0, 0.0, 0.0, 0.0, 0.0, 0.0, 0.0, 48.0, 96.0, 192.0, 384.0, 768.0, 1536.0, 3072.0, 6144.0, 12288.0, 21888.0], [67144.0, 0.0, 22672.0, 0.0, 20928.0, 0.0, -2310086.0, 1585081.0, 31392.0, 0.0, 27904.0, 0.0, 55808.0, 0.0, 2180.0, 0.0, 3488.0, 0.0, 74556.0, 0.0, 35316.0, 0.0, 102024.0, 0.0, 185300.0, 0.0, 436.0, 872.0, 1744.0, 3488.0, 6976.0, 13952.0, 27904.0, 55808.0, 111616.0, 163500.0, 0.0, 0.0, 0.0, 0.0, 0.0, 0.0, 0.0, 0.0, 0.0, 0.0], [0.0, 16786.0, 0.0, 5668.0, 0.0, 5232.0, 1585081.0, -1783958.0, 0.0, 7848.0, 0.0, 6976.0, 0.0, 13952.0, 0.0, 545.0, 0.0, 872.0, 0.0, 18639.0, 0.0, 8829.0, 0.0, 25506.0, 0.0, 46325.0, 0.0, 0.0, 0.0, 0.0, 0.0, 0.0, 0.0, 0.0, 0.0, 0.0, 109.0, 218.0, 436.0, 872.0, 1744.0, 3488.0, 6976.0, 13952.0, 27904.0, 49704.0], [44352.0, 0.0, 14976.0, 0.0, 13824.0, 0.0, 31392.0, 0.0, -2074642.0, 1585081.0, 18432.0, 0.0, 36864.0, 0.0, 1440.0, 0.0, 2304.0, 0.0, 49248.0, 0.0, 23328.0, 0.0, 67392.0, 0.0, 122400.0, 0.0, 288.0, 576.0, 1152.0, 2304.0, 4608.0, 9216.0, 18432.0, 36864.0, 73728.0, 108000.0, 0.0, 0.0, 0.0, 0.0, 0.0, 0.0, 0.0, 0.0, 0.0, 0.0], [0.0, 11088.0, 0.0, 3744.0, 0.0, 3456.0, 0.0, 7848.0, 1585081.0, -1719115.0, 0.0, 4608.0, 0.0, 9216.0, 0.0, 360.0, 0.0, 576.0, 0.0, 12312.0, 0.0, 5832.0, 0.0, 16848.0, 0.0, 30600.0, 0.0, 0.0, 0.0, 0.0, 0.0, 0.0, 0.0, 0.0, 0.0, 0.0, 72.0, 144.0, 288.0, 576.0, 1152.0, 2304.0, 4608.0, 9216.0, 18432.0, 32832.0], [39424.0, 0.0, 13312.0, 0.0, 12288.0, 0.0, 27904.0, 0.0, 18432.0, 0.0, -2022293.0, 1585081.0, 32768.0, 0.0, 1280.0, 0.0, 2048.0, 0.0, 43776.0, 0.0, 20736.0, 0.0, 59904.0, 0.0, 108800.0, 0.0, 256.0, 512.0, 1024.0, 2048.0, 4096.0, 8192.0, 16384.0, 32768.0, 65536.0, 96000.0, 0.0, 0.0, 0.0, 0.0, 0.0, 0.0, 0.0, 0.0, 0.0, 0.0], [0.0, 9856.0, 0.0, 3328.0, 0.0, 3072.0, 0.0, 6976.0, 0.0, 4608.0, 1585081.0, -1704734.0, 0.0, 8192.0, 0.0, 320.0, 0.0, 512.0, 0.0, 10944.0, 0.0, 5184.0, 0.0, 14976.0, 0.0, 27200.0, 0.0, 0.0, 0.0, 0.0, 0.0, 0.0, 0.0, 0.0, 0.0, 0.0, 64.0, 128.0, 256.0, 512.0, 1024.0, 2048.0, 4096.0, 8192.0, 16384.0, 29184.0], [78848.0, 0.0, 26624.0, 0.0, 24576.0, 0.0, 55808.0, 0.0, 36864.0, 0.0, 32768.0, 0.0, -2426347.0, 1585081.0, 2560.0, 0.0, 4096.0, 0.0, 87552.0, 0.0, 41472.0, 0.0, 119808.0, 0.0, 217600.0, 0.0, 512.0, 1024.0, 2048.0, 4096.0, 8192.0, 16384.0, 32768.0, 65536.0, 131072.0, 192000.0, 0.0, 0.0, 0.0, 0.0, 0.0, 0.0, 0.0, 0.0, 0.0, 0.0], [0.0, 19712.0, 0.0, 6656.0, 0.0, 6144.0, 0.0, 13952.0, 0.0, 9216.0, 0.0, 8192.0, 1585081.0, -1815808.0, 0.0, 640.0, 0.0, 1024.0, 0.0, 21888.0, 0.0, 10368.0, 0.0, 29952.0, 0.0, 54400.0, 0.0, 0.0, 0.0, 0.0, 0.0, 0.0, 0.0, 0.0, 0.0, 0.0, 128.0, 256.0, 512.0, 1024.0, 2048.0, 4096.0, 8192.0, 16384.0, 32768.0, 58368.0], [3080.0, 0.0, 1040.0, 0.0, 960.0, 0.0, 2180.0, 0.0, 1440.0, 0.0, 1280.0, 0.0, 2560.0, 0.0, -1620418.0, 1585081.0, 160.0, 0.0, 3420.0, 0.0, 1620.0, 0.0, 4680.0, 0.0, 8500.0, 0.0, 20.0, 40.0, 80.0, 160.0, 320.0, 640.0, 1280.0, 2560.0, 5120.0, 7500.0, 0.0, 0.0, 0.0, 0.0, 0.0, 0.0, 0.0, 0.0, 0.0, 0.0], [0.0, 770.0, 0.0, 260.0, 0.0, 240.0, 0.0, 545.0, 0.0, 360.0, 0.0, 320.0, 0.0, 640.0, 1585081.0, -1594723.0, 0.0, 40.0, 0.0, 855.0, 0.0, 405.0, 0.0, 1170.0, 0.0, 2125.0, 0.0, 0.0, 0.0, 0.0, 0.0, 0.0, 0.0, 0.0, 0.0, 0.0, 5.0, 10.0, 20.0, 40.0, 80.0, 160.0, 320.0, 640.0, 1280.0, 2280.0], [4928.0, 0.0, 1664.0, 0.0, 1536.0, 0.0, 3488.0, 0.0, 2304.0, 0.0, 2048.0, 0.0, 4096.0, 0.0, 160.0, 0.0, -1641526.0, 1585081.0, 5472.0, 0.0, 2592.0, 0.0, 7488.0, 0.0, 13600.0, 0.0, 32.0, 64.0, 128.0, 256.0, 512.0, 1024.0, 2048.0, 4096.0, 8192.0, 12000.0, 0.0, 0.0, 0.0, 0.0, 0.0, 0.0, 0.0, 0.0, 0.0, 0.0], [0.0, 1232.0, 0.0, 416.0, 0.0, 384.0, 0.0, 872.0, 0.0, 576.0, 0.0, 512.0, 0.0, 1024.0, 0.0, 40.0, 1585081.0, -1600486.0, 0.0, 1368.0, 0.0, 648.0, 0.0, 1872.0, 0.0, 3400.0, 0.0, 0.0, 0.0, 0.0, 0.0, 0.0, 0.0, 0.0, 0.0, 0.0, 8.0, 16.0, 32.0, 64.0, 128.0, 256.0, 512.0, 1024.0, 2048.0, 3648.0], [105336.0, 0.0, 35568.0, 0.0, 32832.0, 0.0, 74556.0, 0.0, 49248.0, 0.0, 43776.0, 0.0, 87552.0, 0.0, 3420.0, 0.0, 5472.0, 0.0, -2680066.0, 1585081.0, 55404.0, 0.0, 160056.0, 0.0, 290700.0, 0.0, 684.0, 1368.0, 2736.0, 5472.0, 10944.0, 21888.0, 43776.0, 87552.0, 175104.0, 256500.0, 0.0, 0.0, 0.0, 0.0, 0.0, 0.0, 0.0, 0.0, 0.0, 0.0], [0.0, 26334.0, 0.0, 8892.0, 0.0, 8208.0, 0.0, 18639.0, 0.0, 12312.0, 0.0, 10944.0, 0.0, 21888.0, 0.0, 855.0, 0.0, 1368.0, 1585081.0, -1886476.0, 0.0, 13851.0, 0.0, 40014.0, 0.0, 72675.0, 0.0, 0.0, 0.0, 0.0, 0.0, 0.0, 0.0, 0.0, 0.0, 0.0, 171.0, 342.0, 684.0, 1368.0, 2736.0, 5472.0, 10944.0, 21888.0, 43776.0, 77976.0], [49896.0, 0.0, 16848.0, 0.0, 15552.0, 0.0, 35316.0, 0.0, 23328.0, 0.0, 20736.0, 0.0, 41472.0, 0.0, 1620.0, 0.0, 2592.0, 0.0, 55404.0, 0.0, -2132920.0, 1585081.0, 75816.0, 0.0, 137700.0, 0.0, 324.0, 648.0, 1296.0, 2592.0, 5184.0, 10368.0, 20736.0, 41472.0, 82944.0, 121500.0, 0.0, 0.0, 0.0, 0.0, 0.0, 0.0, 0.0, 0.0, 0.0, 0.0], [0.0, 12474.0, 0.0, 4212.0, 0.0, 3888.0, 0.0, 8829.0, 0.0, 5832.0, 0.0, 5184.0, 0.0, 10368.0, 0.0, 405.0, 0.0, 648.0, 0.0, 13851.0, 1585081.0, -1735138.0, 0.0, 18954.0, 0.0, 34425.0, 0.0, 0.0, 0.0, 0.0, 0.0, 0.0, 0.0, 0.0, 0.0, 0.0, 81.0, 162.0, 324.0, 648.0, 1296.0, 2592.0, 5184.0, 10368.0, 20736.0, 36936.0], [144144.0, 0.0, 48672.0, 0.0, 44928.0, 0.0, 102024.0, 0.0, 67392.0, 0.0, 59904.0, 0.0, 119808.0, 0.0, 4680.0, 0.0, 7488.0, 0.0, 160056.0, 0.0, 75816.0, 0.0, -3024418.0, 1585081.0, 397800.0, 0.0, 936.0, 1872.0, 3744.0, 7488.0, 14976.0, 29952.0, 59904.0, 119808.0, 239616.0, 351000.0, 0.0, 0.0, 0.0, 0.0, 0.0, 0.0, 0.0, 0.0, 0.0, 0.0], [0.0, 36036.0, 0.0, 12168.0, 0.0, 11232.0, 0.0, 25506.0, 0.0, 16848.0, 0.0, 14976.0, 0.0, 29952.0, 0.0, 1170.0, 0.0, 1872.0, 0.0, 40014.0, 0.0, 18954.0, 1585081.0, -1982680.0, 0.0, 99450.0, 0.0, 0.0, 0.0, 0.0, 0.0, 0.0, 0.0, 0.0, 0.0, 0.0, 234.0, 468.0, 936.0, 1872.0, 3744.0, 7488.0, 14976.0, 29952.0, 59904.0, 106704.0], [261800.0, 0.0, 88400.0, 0.0, 81600.0, 0.0, 185300.0, 0.0, 122400.0, 0.0, 108800.0, 0.0, 217600.0, 0.0, 8500.0, 0.0, 13600.0, 0.0, 290700.0, 0.0, 137700.0, 0.0, 397800.0, 0.0, -3874348.0, 1585081.0, 1700.0, 3400.0, 6800.0, 13600.0, 27200.0, 54400.0, 108800.0, 217600.0, 435200.0, 637500.0, 0.0, 0.0, 0.0, 0.0, 0.0, 0.0, 0.0, 0.0, 0.0, 0.0], [0.0, 65450.0, 0.0, 22100.0, 0.0, 20400.0, 0.0, 46325.0, 0.0, 30600.0, 0.0, 27200.0, 0.0, 54400.0, 0.0, 2125.0, 0.0, 3400.0, 0.0, 72675.0, 0.0, 34425.0, 0.0, 99450.0, 1585081.0, -2225827.0, 0.0, 0.0, 0.0, 0.0, 0.0, 0.0, 0.0, 0.0, 0.0, 0.0, 425.0, 850.0, 1700.0, 3400.0, 6800.0, 13600.0, 27200.0, 54400.0, 108800.0, 193800.0], [616.0, 0.0, 208.0, 0.0, 192.0, 0.0, 436.0, 0.0, 288.0, 0.0, 256.0, 0.0, 512.0, 0.0, 20.0, 0.0, 32.0, 0.0, 684.0, 0.0, 324.0, 0.0, 936.0, 0.0, 1700.0, 0.0, -7084.0, 8.0, 16.0, 32.0, 64.0, 128.0, 256.0, 512.0, 1024.0, 1500.0, 0.0, 0.0, 0.0, 0.0, 0.0, 0.0, 0.0, 0.0, 0.0, 0.0], [1232.0, 0.0, 416.0, 0.0, 384.0, 0.0, 872.0, 0.0, 576.0, 0.0, 512.0, 0.0, 1024.0, 0.0, 40.0, 0.0, 64.0, 0.0, 1368.0, 0.0, 648.0, 0.0, 1872.0, 0.0, 3400.0, 0.0, 8.0, -14160.0, 32.0, 64.0, 128.0, 256.0, 512.0, 1024.0, 2048.0, 3000.0, 0.0, 0.0, 0.0, 0.0, 0.0, 0.0, 0.0, 0.0, 0.0, 0.0], [2464.0, 0.0, 832.0, 0.0, 768.0, 0.0, 1744.0, 0.0, 1152.0, 0.0, 1024.0, 0.0, 2048.0, 0.0, 80.0, 0.0, 128.0, 0.0, 2736.0, 0.0, 1296.0, 0.0, 3744.0, 0.0, 6800.0, 0.0, 16.0, 32.0, -28288.0, 128.0, 256.0, 512.0, 1024.0, 2048.0, 4096.0, 6000.0, 0.0, 0.0, 0.0, 0.0, 0.0, 0.0, 0.0, 0.0, 0.0, 0.0], [4928.0, 0.0, 1664.0, 0.0, 1536.0, 0.0, 3488.0, 0.0, 2304.0, 0.0, 2048.0, 0.0, 4096.0, 0.0, 160.0, 0.0, 256.0, 0.0, 5472.0, 0.0, 2592.0, 0.0, 7488.0, 0.0, 13600.0, 0.0, 32.0, 64.0, 128.0, -56448.0, 512.0, 1024.0, 2048.0, 4096.0, 8192.0, 12000.0, 0.0, 0.0, 0.0, 0.0, 0.0, 0.0, 0.0, 0.0, 0.0, 0.0], [9856.0, 0.0, 3328.0, 0.0, 3072.0, 0.0, 6976.0, 0.0, 4608.0, 0.0, 4096.0, 0.0, 8192.0, 0.0, 320.0, 0.0, 512.0, 0.0, 10944.0, 0.0, 5184.0, 0.0, 14976.0, 0.0, 27200.0, 0.0, 64.0, 128.0, 256.0, 512.0, -112384.0, 2048.0, 4096.0, 8192.0, 16384.0, 24000.0, 0.0, 0.0, 0.0, 0.0, 0.0, 0.0, 0.0, 0.0, 0.0, 0.0], [19712.0, 0.0, 6656.0, 0.0, 6144.0, 0.0, 13952.0, 0.0, 9216.0, 0.0, 8192.0, 0.0, 16384.0, 0.0, 640.0, 0.0, 1024.0, 0.0, 21888.0, 0.0, 10368.0, 0.0, 29952.0, 0.0, 54400.0, 0.0, 128.0, 256.0, 512.0, 1024.0, 2048.0, -222720.0, 8192.0, 16384.0, 32768.0, 48000.0, 0.0, 0.0, 0.0, 0.0, 0.0, 0.0, 0.0, 0.0, 0.0, 0.0], [39424.0, 0.0, 13312.0, 0.0, 12288.0, 0.0, 27904.0, 0.0, 18432.0, 0.0, 16384.0, 0.0, 32768.0, 0.0, 1280.0, 0.0, 2048.0, 0.0, 43776.0, 0.0, 20736.0, 0.0, 59904.0, 0.0, 108800.0, 0.0, 256.0, 512.0, 1024.0, 2048.0, 4096.0, 8192.0, -437248.0, 32768.0, 65536.0, 96000.0, 0.0, 0.0, 0.0, 0.0, 0.0, 0.0, 0.0, 0.0, 0.0, 0.0], [78848.0, 0.0, 26624.0, 0.0, 24576.0, 0.0, 55808.0, 0.0, 36864.0, 0.0, 32768.0, 0.0, 65536.0, 0.0, 2560.0, 0.0, 4096.0, 0.0, 87552.0, 0.0, 41472.0, 0.0, 119808.0, 0.0, 217600.0, 0.0, 512.0, 1024.0, 2048.0, 4096.0, 8192.0, 16384.0, 32768.0, -841728.0, 131072.0, 192000.0, 0.0, 0.0, 0.0, 0.0, 0.0, 0.0, 0.0, 0.0, 0.0, 0.0], [157696.0, 0.0, 53248.0, 0.0, 49152.0, 0.0, 111616.0, 0.0, 73728.0, 0.0, 65536.0, 0.0, 131072.0, 0.0, 5120.0, 0.0, 8192.0, 0.0, 175104.0, 0.0, 82944.0, 0.0, 239616.0, 0.0, 435200.0, 0.0, 1024.0, 2048.0, 4096.0, 8192.0, 16384.0, 32768.0, 65536.0, 131072.0, -1552384.0, 384000.0, 0.0, 0.0, 0.0, 0.0, 0.0, 0.0, 0.0, 0.0, 0.0, 0.0], [231000.0, 0.0, 78000.0, 0.0, 72000.0, 0.0, 163500.0, 0.0, 108000.0, 0.0, 96000.0, 0.0, 192000.0, 0.0, 7500.0, 0.0, 12000.0, 0.0, 256500.0, 0.0, 121500.0, 0.0, 351000.0, 0.0, 637500.0, 0.0, 1500.0, 3000.0, 6000.0, 12000.0, 24000.0, 48000.0, 96000.0, 192000.0, 384000.0, -2095500.0, 0.0, 0.0, 0.0, 0.0, 0.0, 0.0, 0.0, 0.0, 0.0, 0.0], [0.0, 154.0, 0.0, 52.0, 0.0, 48.0, 0.0, 109.0, 0.0, 72.0, 0.0, 64.0, 0.0, 128.0, 0.0, 5.0, 0.0, 8.0, 0.0, 171.0, 0.0, 81.0, 0.0, 234.0, 0.0, 425.0, 0.0, 0.0, 0.0, 0.0, 0.0, 0.0, 0.0, 0.0, 0.0, 0.0, -1933.0, 2.0, 4.0, 8.0, 16.0, 32.0, 64.0, 128.0, 256.0, 456.0], [0.0, 308.0, 0.0, 104.0, 0.0, 96.0, 0.0, 218.0, 0.0, 144.0, 0.0, 128.0, 0.0, 256.0, 0.0, 10.0, 0.0, 16.0, 0.0, 342.0, 0.0, 162.0, 0.0, 468.0, 0.0, 850.0, 0.0, 0.0, 0.0, 0.0, 0.0, 0.0, 0.0, 0.0, 0.0, 0.0, 2.0, -3864.0, 8.0, 16.0, 32.0, 64.0, 128.0, 256.0, 512.0, 912.0], [0.0, 616.0, 0.0, 208.0, 0.0, 192.0, 0.0, 436.0, 0.0, 288.0, 0.0, 256.0, 0.0, 512.0, 0.0, 20.0, 0.0, 32.0, 0.0, 684.0, 0.0, 324.0, 0.0, 936.0, 0.0, 1700.0, 0.0, 0.0, 0.0, 0.0, 0.0, 0.0, 0.0, 0.0, 0.0, 0.0, 4.0, 8.0, -7720.0, 32.0, 64.0, 128.0, 256.0, 512.0, 1024.0, 1824.0], [0.0, 1232.0, 0.0, 416.0, 0.0, 384.0, 0.0, 872.0, 0.0, 576.0, 0.0, 512.0, 0.0, 1024.0, 0.0, 40.0, 0.0, 64.0, 0.0, 1368.0, 0.0, 648.0, 0.0, 1872.0, 0.0, 3400.0, 0.0, 0.0, 0.0, 0.0, 0.0, 0.0, 0.0, 0.0, 0.0, 0.0, 8.0, 16.0, 32.0, -15408.0, 128.0, 256.0, 512.0, 1024.0, 2048.0, 3648.0], [0.0, 2464.0, 0.0, 832.0, 0.0, 768.0, 0.0, 1744.0, 0.0, 1152.0, 0.0, 1024.0, 0.0, 2048.0, 0.0, 80.0, 0.0, 128.0, 0.0, 2736.0, 0.0, 1296.0, 0.0, 3744.0, 0.0, 6800.0, 0.0, 0.0, 0.0, 0.0, 0.0, 0.0, 0.0, 0.0, 0.0, 0.0, 16.0, 32.0, 64.0, 128.0, -30688.0, 512.0, 1024.0, 2048.0, 4096.0, 7296.0], [0.0, 4928.0, 0.0, 1664.0, 0.0, 1536.0, 0.0, 3488.0, 0.0, 2304.0, 0.0, 2048.0, 0.0, 4096.0, 0.0, 160.0, 0.0, 256.0, 0.0, 5472.0, 0.0, 2592.0, 0.0, 7488.0, 0.0, 13600.0, 0.0, 0.0, 0.0, 0.0, 0.0, 0.0, 0.0, 0.0, 0.0, 0.0, 32.0, 64.0, 128.0, 256.0, 512.0, -60864.0, 2048.0, 4096.0, 8192.0, 14592.0], [0.0, 9856.0, 0.0, 3328.0, 0.0, 3072.0, 0.0, 6976.0, 0.0, 4608.0, 0.0, 4096.0, 0.0, 8192.0, 0.0, 320.0, 0.0, 512.0, 0.0, 10944.0, 0.0, 5184.0, 0.0, 14976.0, 0.0, 27200.0, 0.0, 0.0, 0.0, 0.0, 0.0, 0.0, 0.0, 0.0, 0.0, 0.0, 64.0, 128.0, 256.0, 512.0, 1024.0, 2048.0, -119680.0, 8192.0, 16384.0, 29184.0], [0.0, 19712.0, 0.0, 6656.0, 0.0, 6144.0, 0.0, 13952.0, 0.0, 9216.0, 0.0, 8192.0, 0.0, 16384.0, 0.0, 640.0, 0.0, 1024.0, 0.0, 21888.0, 0.0, 10368.0, 0.0, 29952.0, 0.0, 54400.0, 0.0, 0.0, 0.0, 0.0, 0.0, 0.0, 0.0, 0.0, 0.0, 0.0, 128.0, 256.0, 512.0, 1024.0, 2048.0, 4096.0, 8192.0, -231168.0, 32768.0, 58368.0], [0.0, 39424.0, 0.0, 13312.0, 0.0, 12288.0, 0.0, 27904.0, 0.0, 18432.0, 0.0, 16384.0, 0.0, 32768.0, 0.0, 1280.0, 0.0, 2048.0, 0.0, 43776.0, 0.0, 20736.0, 0.0, 59904.0, 0.0, 108800.0, 0.0, 0.0, 0.0, 0.0, 0.0, 0.0, 0.0, 0.0, 0.0, 0.0, 256.0, 512.0, 1024.0, 2048.0, 4096.0, 8192.0, 16384.0, 32768.0, -429568.0, 116736.0], [0.0, 70224.0, 0.0, 23712.0, 0.0, 21888.0, 0.0, 49704.0, 0.0, 32832.0, 0.0, 29184.0, 0.0, 58368.0, 0.0, 2280.0, 0.0, 3648.0, 0.0, 77976.0, 0.0, 36936.0, 0.0, 106704.0, 0.0, 193800.0, 0.0, 0.0, 0.0, 0.0, 0.0, 0.0, 0.0, 0.0, 0.0, 0.0, 456.0, 912.0, 1824.0, 3648.0, 7296.0, 14592.0, 29184.0, 58368.0, 116736.0, -673968.0]]"
  },
  "variable_mappings": [
    {
      "machine_id": 24,
      "machine_name_convenience_only": "GP260",
      "dieset_id": 8,
      "dieset_number_convenience_only": "4984449, 4984462",
      "variable_id": 0,
      "variable_name_convenience_only": "md_GP260_4984449, 4984462"
    },
    {
      "machine_id": 27,
      "machine_name_convenience_only": "GP640",
      "dieset_id": 8,
      "dieset_number_convenience_only": "4984449, 4984462",
      "variable_id": 1,
      "variable_name_convenience_only": "md_GP640_4984449, 4984462"
    },
    {
      "machine_id": 24,
      "machine_name_convenience_only": "GP260",
      "dieset_id": 7,
      "dieset_number_convenience_only": "4984449, 5031550",
      "variable_id": 2,
      "variable_name_convenience_only": "md_GP260_4984449, 5031550"
    },
    {
      "machine_id": 27,
      "machine_name_convenience_only": "GP640",
      "dieset_id": 7,
      "dieset_number_convenience_only": "4984449, 5031550",
      "variable_id": 3,
      "variable_name_convenience_only": "md_GP640_4984449, 5031550"
    },
    {
      "machine_id": 24,
      "machine_name_convenience_only": "GP260",
      "dieset_id": 1,
      "dieset_number_convenience_only": "4985498",
      "variable_id": 4,
      "variable_name_convenience_only": "md_GP260_4985498"
    },
    {
      "machine_id": 27,
      "machine_name_convenience_only": "GP640",
      "dieset_id": 1,
      "dieset_number_convenience_only": "4985498",
      "variable_id": 5,
      "variable_name_convenience_only": "md_GP640_4985498"
    },
    {
      "machine_id": 24,
      "machine_name_convenience_only": "GP260",
      "dieset_id": 3,
      "dieset_number_convenience_only": "5090393",
      "variable_id": 6,
      "variable_name_convenience_only": "md_GP260_5090393"
    },
    {
      "machine_id": 27,
      "machine_name_convenience_only": "GP640",
      "dieset_id": 3,
      "dieset_number_convenience_only": "5090393",
      "variable_id": 7,
      "variable_name_convenience_only": "md_GP640_5090393"
    },
    {
      "machine_id": 24,
      "machine_name_convenience_only": "GP260",
      "dieset_id": 22,
      "dieset_number_convenience_only": "5101959",
      "variable_id": 8,
      "variable_name_convenience_only": "md_GP260_5101959"
    },
    {
      "machine_id": 27,
      "machine_name_convenience_only": "GP640",
      "dieset_id": 22,
      "dieset_number_convenience_only": "5101959",
      "variable_id": 9,
      "variable_name_convenience_only": "md_GP640_5101959"
    },
    {
      "machine_id": 24,
      "machine_name_convenience_only": "GP260",
      "dieset_id": 24,
      "dieset_number_convenience_only": "5102992",
      "variable_id": 10,
      "variable_name_convenience_only": "md_GP260_5102992"
    },
    {
      "machine_id": 27,
      "machine_name_convenience_only": "GP640",
      "dieset_id": 24,
      "dieset_number_convenience_only": "5102992",
      "variable_id": 11,
      "variable_name_convenience_only": "md_GP640_5102992"
    },
    {
      "machine_id": 24,
      "machine_name_convenience_only": "GP260",
      "dieset_id": 11,
      "dieset_number_convenience_only": "5103015",
      "variable_id": 12,
      "variable_name_convenience_only": "md_GP260_5103015"
    },
    {
      "machine_id": 27,
      "machine_name_convenience_only": "GP640",
      "dieset_id": 11,
      "dieset_number_convenience_only": "5103015",
      "variable_id": 13,
      "variable_name_convenience_only": "md_GP640_5103015"
    },
    {
      "machine_id": 24,
      "machine_name_convenience_only": "GP260",
      "dieset_id": 9,
      "dieset_number_convenience_only": "5448237",
      "variable_id": 14,
      "variable_name_convenience_only": "md_GP260_5448237"
    },
    {
      "machine_id": 27,
      "machine_name_convenience_only": "GP640",
      "dieset_id": 9,
      "dieset_number_convenience_only": "5448237",
      "variable_id": 15,
      "variable_name_convenience_only": "md_GP640_5448237"
    },
    {
      "machine_id": 24,
      "machine_name_convenience_only": "GP260",
      "dieset_id": 0,
      "dieset_number_convenience_only": "5457220",
      "variable_id": 16,
      "variable_name_convenience_only": "md_GP260_5457220"
    },
    {
      "machine_id": 27,
      "machine_name_convenience_only": "GP640",
      "dieset_id": 0,
      "dieset_number_convenience_only": "5457220",
      "variable_id": 17,
      "variable_name_convenience_only": "md_GP640_5457220"
    },
    {
      "machine_id": 24,
      "machine_name_convenience_only": "GP260",
      "dieset_id": 13,
      "dieset_number_convenience_only": "5709958",
      "variable_id": 18,
      "variable_name_convenience_only": "md_GP260_5709958"
    },
    {
      "machine_id": 27,
      "machine_name_convenience_only": "GP640",
      "dieset_id": 13,
      "dieset_number_convenience_only": "5709958",
      "variable_id": 19,
      "variable_name_convenience_only": "md_GP640_5709958"
    },
    {
      "machine_id": 24,
      "machine_name_convenience_only": "GP260",
      "dieset_id": 20,
      "dieset_number_convenience_only": "5717907",
      "variable_id": 20,
      "variable_name_convenience_only": "md_GP260_5717907"
    },
    {
      "machine_id": 27,
      "machine_name_convenience_only": "GP640",
      "dieset_id": 20,
      "dieset_number_convenience_only": "5717907",
      "variable_id": 21,
      "variable_name_convenience_only": "md_GP640_5717907"
    },
    {
      "machine_id": 24,
      "machine_name_convenience_only": "GP260",
      "dieset_id": 2,
      "dieset_number_convenience_only": "5718733, 5718701",
      "variable_id": 22,
      "variable_name_convenience_only": "md_GP260_5718733, 5718701"
    },
    {
      "machine_id": 27,
      "machine_name_convenience_only": "GP640",
      "dieset_id": 2,
      "dieset_number_convenience_only": "5718733, 5718701",
      "variable_id": 23,
      "variable_name_convenience_only": "md_GP640_5718733, 5718701"
    },
    {
      "machine_id": 24,
      "machine_name_convenience_only": "GP260",
      "dieset_id": 5,
      "dieset_number_convenience_only": "5801397",
      "variable_id": 24,
      "variable_name_convenience_only": "md_GP260_5801397"
    },
    {
      "machine_id": 27,
      "machine_name_convenience_only": "GP640",
      "dieset_id": 5,
      "dieset_number_convenience_only": "5801397",
      "variable_id": 25,
      "variable_name_convenience_only": "md_GP640_5801397"
    }
  ],
  "model": {
    "dieset_choices": [
      {
        "dieset_id": 17,
        "dieset_number": "3002866",
        "machine_choices": [
          {
            "choice_name": "Put Dieset 3002866 on machine GP260",
            "machine": {
              "machine_id": 24,
              "machine_name": "GP260",
              "max_capacity_hours_per_timeslice": 2509.6136761032312,
              "max_capacity_constraint": {
                "constraint_name": "Max Capacity Machine GP260",
                "weight": 1.0
              },
              "cost_reallocation_euro": 10000.0
            },
            "work_required_hours": 16.494873808587574,
            "work_cost": 29872.2164673521,
            "transport_cost": 0.0,
            "transport_costs_breakdown": [
              {
                "location_id": 2,
                "location_name": "Dingolfing",
                "truckloads": 12.0,
                "transport_rate_euro_per_truck_per_km": 999.0,
                "distance_km": 0.0,
                "costs": 0.0
              }
            ]
          }
        ],
        "assign_exactly_once_constraint": null
      },
      {
        "dieset_id": 18,
        "dieset_number": "3002878",
        "machine_choices": [
          {
            "choice_name": "Put Dieset 3002878 on machine GP260",
            "machine": {
              "machine_id": 24,
              "machine_name": "GP260",
              "max_capacity_hours_per_timeslice": 2509.6136761032312,
              "max_capacity_constraint": {
                "constraint_name": "Max Capacity Machine GP260",
                "weight": 1.0
              },
              "cost_reallocation_euro": 10000.0
            },
            "work_required_hours": 15.959502279928897,
            "work_cost": 28902.65862895123,
            "transport_cost": 0.0,
            "transport_costs_breakdown": [
              {
                "location_id": 2,
                "location_name": "Dingolfing",
                "truckloads": 6.0,
                "transport_rate_euro_per_truck_per_km": 999.0,
                "distance_km": 0.0,
                "costs": 0.0
              }
            ]
          }
        ],
        "assign_exactly_once_constraint": null
      },
      {
        "dieset_id": 23,
        "dieset_number": "3002931",
        "machine_choices": [
          {
            "choice_name": "Put Dieset 3002931 on machine GP260",
            "machine": {
              "machine_id": 24,
              "machine_name": "GP260",
              "max_capacity_hours_per_timeslice": 2509.6136761032312,
              "max_capacity_constraint": {
                "constraint_name": "Max Capacity Machine GP260",
                "weight": 1.0
              },
              "cost_reallocation_euro": 10000.0
            },
            "work_required_hours": 15.61413059915918,
            "work_cost": 28277.190515077276,
            "transport_cost": 0.0,
            "transport_costs_breakdown": [
              {
                "location_id": 2,
                "location_name": "Dingolfing",
                "truckloads": 31.0,
                "transport_rate_euro_per_truck_per_km": 999.0,
                "distance_km": 0.0,
                "costs": 0.0
              }
            ]
          }
        ],
        "assign_exactly_once_constraint": null
      },
      {
        "dieset_id": 15,
        "dieset_number": "3002943",
        "machine_choices": [
          {
            "choice_name": "Put Dieset 3002943 on machine GP260",
            "machine": {
              "machine_id": 24,
              "machine_name": "GP260",
              "max_capacity_hours_per_timeslice": 2509.6136761032312,
              "max_capacity_constraint": {
                "constraint_name": "Max Capacity Machine GP260",
                "weight": 1.0
              },
              "cost_reallocation_euro": 10000.0
            },
            "work_required_hours": 16.431924882629104,
            "work_cost": 29758.215962441307,
            "transport_cost": 0.0,
            "transport_costs_breakdown": [
              {
                "location_id": 2,
                "location_name": "Dingolfing",
                "truckloads": 31.0,
                "transport_rate_euro_per_truck_per_km": 999.0,
                "distance_km": 0.0,
                "costs": 0.0
              }
            ]
          }
        ],
        "assign_exactly_once_constraint": null
      },
      {
        "dieset_id": 27,
        "dieset_number": "3003468",
        "machine_choices": [
          {
            "choice_name": "Put Dieset 3003468 on machine GP260",
            "machine": {
              "machine_id": 24,
              "machine_name": "GP260",
              "max_capacity_hours_per_timeslice": 2509.6136761032312,
              "max_capacity_constraint": {
                "constraint_name": "Max Capacity Machine GP260",
                "weight": 1.0
              },
              "cost_reallocation_euro": 10000.0
            },
            "work_required_hours": 24.59894727551633,
            "work_cost": 44548.69351596008,
            "transport_cost": 0.0,
            "transport_costs_breakdown": [
              {
                "location_id": 2,
                "location_name": "Dingolfing",
                "truckloads": 78.0,
                "transport_rate_euro_per_truck_per_km": 999.0,
                "distance_km": 0.0,
                "costs": 0.0
              }
            ]
          }
        ],
        "assign_exactly_once_constraint": null
      },
      {
        "dieset_id": 26,
        "dieset_number": "3003701",
        "machine_choices": [
          {
            "choice_name": "Put Dieset 3003701 on machine GP260",
            "machine": {
              "machine_id": 24,
              "machine_name": "GP260",
              "max_capacity_hours_per_timeslice": 2509.6136761032312,
              "max_capacity_constraint": {
                "constraint_name": "Max Capacity Machine GP260",
                "weight": 1.0
              },
              "cost_reallocation_euro": 10000.0
            },
            "work_required_hours": 24.703562685494223,
            "work_cost": 44738.15202343003,
            "transport_cost": 0.0,
            "transport_costs_breakdown": [
              {
                "location_id": 2,
                "location_name": "Dingolfing",
                "truckloads": 22.0,
                "transport_rate_euro_per_truck_per_km": 999.0,
                "distance_km": 0.0,
                "costs": 0.0
              }
            ]
          }
        ],
        "assign_exactly_once_constraint": null
      },
      {
        "dieset_id": 19,
        "dieset_number": "4980181",
        "machine_choices": [
          {
            "choice_name": "Put Dieset 4980181 on machine GP260",
            "machine": {
              "machine_id": 24,
              "machine_name": "GP260",
              "max_capacity_hours_per_timeslice": 2509.6136761032312,
              "max_capacity_constraint": {
                "constraint_name": "Max Capacity Machine GP260",
                "weight": 1.0
              },
              "cost_reallocation_euro": 10000.0
            },
            "work_required_hours": 126.70397256233355,
            "work_cost": 229460.89431038604,
            "transport_cost": 0.0,
            "transport_costs_breakdown": [
              {
                "location_id": 2,
                "location_name": "Dingolfing",
                "truckloads": 182.0,
                "transport_rate_euro_per_truck_per_km": 999.0,
                "distance_km": 0.0,
                "costs": 0.0
              }
            ]
          }
        ],
        "assign_exactly_once_constraint": null
      },
      {
        "dieset_id": 14,
        "dieset_number": "4983105",
        "machine_choices": [
          {
            "choice_name": "Put Dieset 4983105 on machine GP260",
            "machine": {
              "machine_id": 24,
              "machine_name": "GP260",
              "max_capacity_hours_per_timeslice": 2509.6136761032312,
              "max_capacity_constraint": {
                "constraint_name": "Max Capacity Machine GP260",
                "weight": 1.0
              },
              "cost_reallocation_euro": 10000.0
            },
            "work_required_hours": 58.102977097390514,
            "work_cost": 105224.4915233742,
            "transport_cost": 0.0,
            "transport_costs_breakdown": [
              {
                "location_id": 2,
                "location_name": "Dingolfing",
                "truckloads": 38.0,
                "transport_rate_euro_per_truck_per_km": 999.0,
                "distance_km": 0.0,
                "costs": 0.0
              }
            ]
          }
        ],
        "assign_exactly_once_constraint": null
      },
      {
        "dieset_id": 4,
        "dieset_number": "4984418",
        "machine_choices": [
          {
            "choice_name": "Put Dieset 4984418 on machine GP260",
            "machine": {
              "machine_id": 24,
              "machine_name": "GP260",
              "max_capacity_hours_per_timeslice": 2509.6136761032312,
              "max_capacity_constraint": {
                "constraint_name": "Max Capacity Machine GP260",
                "weight": 1.0
              },
              "cost_reallocation_euro": 10000.0
            },
            "work_required_hours": 254.79478776529336,
            "work_cost": 461433.3606429463,
            "transport_cost": 127573.04000000001,
            "transport_costs_breakdown": [
              {
                "location_id": 26,
                "location_name": "MSF",
                "truckloads": 188.0,
                "transport_rate_euro_per_truck_per_km": 1.31,
                "distance_km": 518.0,
                "costs": 127573.04000000001
              },
              {
                "location_id": 2,
                "location_name": "Dingolfing",
                "truckloads": 358.0,
                "transport_rate_euro_per_truck_per_km": 999.0,
                "distance_km": 0.0,
                "costs": 0.0
              }
            ]
          }
        ],
        "assign_exactly_once_constraint": null
      },
      {
        "dieset_id": 8,
        "dieset_number": "4984449, 4984462",
        "machine_choices": [
          {
            "choice_name": "Put Dieset 4984449, 4984462 on machine GP260",
            "machine": {
              "machine_id": 24,
              "machine_name": "GP260",
              "max_capacity_hours_per_timeslice": 2509.6136761032312,
              "max_capacity_constraint": {
                "constraint_name": "Max Capacity Machine GP260",
                "weight": 1.0
              },
              "cost_reallocation_euro": 10000.0
            },
            "work_required_hours": 153.57266466084454,
            "work_cost": 278120.0957007895,
            "transport_cost": 23071.72,
            "transport_costs_breakdown": [
              {
                "location_id": 26,
                "location_name": "MSF",
                "truckloads": 34.0,
                "transport_rate_euro_per_truck_per_km": 1.31,
                "distance_km": 518.0,
                "costs": 23071.72
              },
              {
                "location_id": 2,
                "location_name": "Dingolfing",
                "truckloads": 42.0,
                "transport_rate_euro_per_truck_per_km": 999.0,
                "distance_km": 0.0,
                "costs": 0.0
              }
            ]
          },
          {
            "choice_name": "Put Dieset 4984449, 4984462 on machine GP640",
            "machine": {
              "machine_id": 27,
              "machine_name": "GP640",
              "max_capacity_hours_per_timeslice": 967.8054523156683,
              "max_capacity_constraint": {
                "constraint_name": "Max Capacity Machine GP640",
                "weight": 1.0
              },
              "cost_reallocation_euro": 10000.0
            },
            "work_required_hours": 153.57266466084454,
            "work_cost": 215923.16651314741,
            "transport_cost": 21484.06,
            "transport_costs_breakdown": [
              {
                "location_id": 26,
                "location_name": "MSF",
                "truckloads": 34.0,
                "transport_rate_euro_per_truck_per_km": 1.31,
                "distance_km": 389.0,
                "costs": 17326.06
              },
              {
                "location_id": 2,
                "location_name": "Dingolfing",
                "truckloads": 42.0,
                "transport_rate_euro_per_truck_per_km": 1.32,
                "distance_km": 75.0,
                "costs": 4158.0
              }
            ]
          }
        ],
        "assign_exactly_once_constraint": null
      },
      {
        "dieset_id": 7,
        "dieset_number": "4984449, 5031550",
        "machine_choices": [
          {
            "choice_name": "Put Dieset 4984449, 5031550 on machine GP260",
            "machine": {
              "machine_id": 24,
              "machine_name": "GP260",
              "max_capacity_hours_per_timeslice": 2509.6136761032312,
              "max_capacity_constraint": {
                "constraint_name": "Max Capacity Machine GP260",
                "weight": 1.0
              },
              "cost_reallocation_euro": 10000.0
            },
            "work_required_hours": 51.17740636052053,
            "work_cost": 92682.28291890267,
            "transport_cost": 0.0,
            "transport_costs_breakdown": [
              {
                "location_id": 2,
                "location_name": "Dingolfing",
                "truckloads": 22.0,
                "transport_rate_euro_per_truck_per_km": 999.0,
                "distance_km": 0.0,
                "costs": 0.0
              }
            ]
          },
          {
            "choice_name": "Put Dieset 4984449, 5031550 on machine GP640",
            "machine": {
              "machine_id": 27,
              "machine_name": "GP640",
              "max_capacity_hours_per_timeslice": 967.8054523156683,
              "max_capacity_constraint": {
                "constraint_name": "Max Capacity Machine GP640",
                "weight": 1.0
              },
              "cost_reallocation_euro": 10000.0
            },
            "work_required_hours": 51.17740636052053,
            "work_cost": 71955.43334289188,
            "transport_cost": 2178.0,
            "transport_costs_breakdown": [
              {
                "location_id": 2,
                "location_name": "Dingolfing",
