{
  "qubo": {
    "id": 0,
    "name": "Model",
    "variables": [
      {
        "id": 0,
        "name": "0",
        "slack": false
      },
      {
        "id": 1,
        "name": "1",
        "slack": false
      },
      {
        "id": 2,
        "name": "2",
        "slack": false
      },
      {
        "id": 3,
        "name": "3",
        "slack": false
      },
      {
        "id": 4,
        "name": "4",
        "slack": false
      },
      {
        "id": 5,
        "name": "5",
        "slack": false
      },
      {
        "id": 6,
        "name": "6",
        "slack": false
      },
      {
        "id": 7,
        "name": "7",
        "slack": false
      },
      {
        "id": 8,
        "name": "8",
        "slack": false
      },
      {
        "id": 9,
        "name": "9",
        "slack": false
      },
      {
        "id": 10,
        "name": "10",
        "slack": false
      },
      {
        "id": 11,
        "name": "11",
        "slack": false
      },
      {
        "id": 12,
        "name": "12",
        "slack": false
      },
      {
        "id": 13,
        "name": "13",
        "slack": false
      },
      {
        "id": 14,
        "name": "14",
        "slack": false
      },
      {
        "id": 15,
        "name": "15",
        "slack": false
      },
      {
        "id": 16,
        "name": "16",
        "slack": false
      },
      {
        "id": 17,
        "name": "17",
        "slack": false
      },
      {
        "id": 18,
        "name": "18",
        "slack": false
      },
      {
        "id": 19,
        "name": "19",
        "slack": false
      },
      {
        "id": 20,
        "name": "20",
        "slack": false
      },
      {
        "id": 21,
        "name": "21",
        "slack": false
      },
      {
        "id": 22,
        "name": "22",
        "slack": false
      },
      {
        "id": 23,
        "name": "23",
        "slack": false
      },
      {
        "id": 24,
        "name": "24",
        "slack": false
      },
      {
        "id": 25,
        "name": "25",
        "slack": false
      },
      {
        "id": 26,
        "name": "26",
        "slack": false
      },
      {
        "id": 27,
        "name": "27",
        "slack": false
      },
      {
        "id": 28,
        "name": "28",
        "slack": false
      },
      {
        "id": 29,
        "name": "29",
        "slack": false
      },
      {
        "id": 30,
        "name": "30",
        "slack": false
      },
      {
        "id": 31,
        "name": "31",
        "slack": false
      },
      {
        "id": 32,
        "name": "32",
        "slack": false
      },
      {
        "id": 33,
        "name": "33",
        "slack": false
      },
      {
        "id": 34,
        "name": "34",
        "slack": false
      },
      {
        "id": 35,
        "name": "35",
        "slack": false
      },
      {
        "id": 36,
        "name": "capacity_constraint_machine_24@int_slack@0",
        "slack": true
      },
      {
        "id": 37,
        "name": "capacity_constraint_machine_24@int_slack@1",
        "slack": true
      },
      {
        "id": 38,
        "name": "capacity_constraint_machine_24@int_slack@2",
        "slack": true
      },
      {
        "id": 39,
        "name": "capacity_constraint_machine_24@int_slack@3",
        "slack": true
      },
      {
        "id": 40,
        "name": "capacity_constraint_machine_24@int_slack@4",
        "slack": true
      },
      {
        "id": 41,
        "name": "capacity_constraint_machine_24@int_slack@5",
        "slack": true
      },
      {
        "id": 42,
        "name": "capacity_constraint_machine_24@int_slack@6",
        "slack": true
      },
      {
        "id": 43,
        "name": "capacity_constraint_machine_24@int_slack@7",
        "slack": true
      },
      {
        "id": 44,
        "name": "capacity_constraint_machine_24@int_slack@8",
        "slack": true
      },
      {
        "id": 45,
        "name": "capacity_constraint_machine_24@int_slack@9",
        "slack": true
      },
      {
        "id": 46,
        "name": "capacity_constraint_machine_24@int_slack@10",
        "slack": true
      },
      {
        "id": 47,
        "name": "capacity_constraint_machine_27@int_slack@0",
        "slack": true
      },
      {
        "id": 48,
        "name": "capacity_constraint_machine_27@int_slack@1",
        "slack": true
      },
      {
        "id": 49,
        "name": "capacity_constraint_machine_27@int_slack@2",
        "slack": true
      },
      {
        "id": 50,
        "name": "capacity_constraint_machine_27@int_slack@3",
        "slack": true
      },
      {
        "id": 51,
        "name": "capacity_constraint_machine_27@int_slack@4",
        "slack": true
      },
      {
        "id": 52,
        "name": "capacity_constraint_machine_27@int_slack@5",
        "slack": true
      },
      {
        "id": 53,
        "name": "capacity_constraint_machine_27@int_slack@6",
        "slack": true
      },
      {
        "id": 54,
        "name": "capacity_constraint_machine_27@int_slack@7",
        "slack": true
      },
      {
        "id": 55,
        "name": "capacity_constraint_machine_27@int_slack@8",
        "slack": true
      },
      {
        "id": 56,
        "name": "capacity_constraint_machine_27@int_slack@9",
        "slack": true
      },
      {
        "id": 57,
        "name": "capacity_constraint_machine_27@int_slack@10",
        "slack": true
      }
    ],
    "constant": 68383955258629.8,
    "matrix": "[[-6339681584362.211, 1488238720369.2104, 121053284352.0, 0.0, 111741493248.0, 0.0, 253746307584.0, 0.0, 167612239872.0, 0.0, 148988657664.0, 0.0, 297977315328.0, 0.0, 11639738880.0, 0.0, 18623582208.0, 0.0, 398079069696.0, 0.0, 188563769856.0, 0.0, 544739779584.0, 0.0, 989377804800.0, 0.0, 256074255360.0, 0.0, 270041942016.0, 0.0, 302633210880.0, 0.0, 109413545472.0, 0.0, 151316605440.0, 0.0, 2327947776.0, 4655895552.0, 9311791104.0, 18623582208.0, 37247164416.0, 74494328832.0, 148988657664.0, 297977315328.0, 595954630656.0, 1191909261312.0, 223482986496.0, 0.0, 0.0, 0.0, 0.0, 0.0, 0.0, 0.0, 0.0, 0.0, 0.0, 0.0], [1488238720369.2104, -6569856062462.211, 0.0, 108742433800.0, 0.0, 100377631200.0, 0.0, 227940870850.0, 0.0, 150566446800.0, 0.0, 133836841600.0, 0.0, 267673683200.0, 0.0, 10456003250.0, 0.0, 16729605200.0, 0.0, 357595311150.0, 0.0, 169387252650.0, 0.0, 489340952100.0, 0.0, 888760276250.0, 0.0, 230032071500.0, 0.0, 242579275400.0, 0.0, 271856084500.0, 0.0, 98286430550.0, 0.0, 135928042250.0, 0.0, 0.0, 0.0, 0.0, 0.0, 0.0, 0.0, 0.0, 0.0, 0.0, 0.0, 2091200650.0, 4182401300.0, 8364802600.0, 16729605200.0, 33459210400.0, 66918420800.0, 133836841600.0, 267673683200.0, 535347366400.0, 1070694732800.0, 562532974850.0], [121053284352.0, 0.0, -3206566417255.2104, 1488238720369.2104, 37730893824.0, 0.0, 85680571392.0, 0.0, 56596340736.0, 0.0, 50307858432.0, 0.0, 100615716864.0, 0.0, 3930301440.0, 0.0, 6288482304.0, 0.0, 134416309248.0, 0.0, 63670883328.0, 0.0, 183938107392.0, 0.0, 334075622400.0, 0.0, 86466631680.0, 0.0, 91182993408.0, 0.0, 102187837440.0, 0.0, 36944833536.0, 0.0, 51093918720.0, 0.0, 786060288.0, 1572120576.0, 3144241152.0, 6288482304.0, 12576964608.0, 25153929216.0, 50307858432.0, 100615716864.0, 201231433728.0, 402462867456.0, 75461787648.0, 0.0, 0.0, 0.0, 0.0, 0.0, 0.0, 0.0, 0.0, 0.0, 0.0, 0.0], [0.0, 108742433800.0, 1488238720369.2104, -3276133726636.2104, 0.0, 33893745600.0, 0.0, 76967047300.0, 0.0, 50840618400.0, 0.0, 45191660800.0, 0.0, 90383321600.0, 0.0, 3530598500.0, 0.0, 5648957600.0, 0.0, 120746468700.0, 0.0, 57195695700.0, 0.0, 165232009800.0, 0.0, 300100872500.0, 0.0, 77673167000.0, 0.0, 81909885200.0, 0.0, 91795561000.0, 0.0, 33187625900.0, 0.0, 45897780500.0, 0.0, 0.0, 0.0, 0.0, 0.0, 0.0, 0.0, 0.0, 0.0, 0.0, 0.0, 706119700.0, 1412239400.0, 2824478800.0, 5648957600.0, 11297915200.0, 22595830400.0, 45191660800.0, 90383321600.0, 180766643200.0, 361533286400.0, 189946199300.0], [111741493248.0, 0.0, 37730893824.0, 0.0, -3077289739899.2104, 1488238720369.2104, 79089758208.0, 0.0, 52242776064.0, 0.0, 46438023168.0, 0.0, 92876046336.0, 0.0, 3627970560.0, 0.0, 5804752896.0, 0.0, 124076593152.0, 0.0, 58773123072.0, 0.0, 169789022208.0, 0.0, 308377497600.0, 0.0, 79815352320.0, 0.0, 84168916992.0, 0.0, 94327234560.0, 0.0, 34102923264.0, 0.0, 47163617280.0, 0.0, 725594112.0, 1451188224.0, 2902376448.0, 5804752896.0, 11609505792.0, 23219011584.0, 46438023168.0, 92876046336.0, 185752092672.0, 371504185344.0, 69657034752.0, 0.0, 0.0, 0.0, 0.0, 0.0, 0.0, 0.0, 0.0, 0.0, 0.0, 0.0], [0.0, 100377631200.0, 0.0, 33893745600.0, 1488238720369.2104, -3141210553012.2104, 0.0, 71046505200.0, 0.0, 46929801600.0, 0.0, 41715379200.0, 0.0, 83430758400.0, 0.0, 3259014000.0, 0.0, 5214422400.0, 0.0, 111458278800.0, 0.0, 52796026800.0, 0.0, 152521855200.0, 0.0, 277016190000.0, 0.0, 71698308000.0, 0.0, 75609124800.0, 0.0, 84734364000.0, 0.0, 30634731600.0, 0.0, 42367182000.0, 0.0, 0.0, 0.0, 0.0, 0.0, 0.0, 0.0, 0.0, 0.0, 0.0, 0.0, 651802800.0, 1303605600.0, 2607211200.0, 5214422400.0, 10428844800.0, 20857689600.0, 41715379200.0, 83430758400.0, 166861516800.0, 333723033600.0, 175334953200.0], [253746307584.0, 0.0, 85680571392.0, 0.0, 79089758208.0, 0.0, -4996198831148.211, 1488238720369.2104, 118634637312.0, 0.0, 105453010944.0, 0.0, 210906021888.0, 0.0, 8238516480.0, 0.0, 13181626368.0, 0.0, 281757263616.0, 0.0, 133463966976.0, 0.0, 385562571264.0, 0.0, 700273900800.0, 0.0, 181247362560.0, 0.0, 191133582336.0, 0.0, 214201428480.0, 0.0, 77442054912.0, 0.0, 107100714240.0, 0.0, 1647703296.0, 3295406592.0, 6590813184.0, 13181626368.0, 26363252736.0, 52726505472.0, 105453010944.0, 210906021888.0, 421812043776.0, 843624087552.0, 158179516416.0, 0.0, 0.0, 0.0, 0.0, 0.0, 0.0, 0.0, 0.0, 0.0, 0.0, 0.0], [0.0, 227940870850.0, 0.0, 76967047300.0, 0.0, 71046505200.0, 1488238720369.2104, -5151573992184.211, 0.0, 106569757800.0, 0.0, 94728673600.0, 0.0, 189457347200.0, 0.0, 7400677625.0, 0.0, 11841084200.0, 0.0, 253103174775.0, 0.0, 119890977525.0, 0.0, 346351712850.0, 0.0, 629057598125.0, 0.0, 162814907750.0, 0.0, 171695720900.0, 0.0, 192417618250.0, 0.0, 69566369675.0, 0.0, 96208809125.0, 0.0, 0.0, 0.0, 0.0, 0.0, 0.0, 0.0, 0.0, 0.0, 0.0, 0.0, 1480135525.0, 2960271050.0, 5920542100.0, 11841084200.0, 23682168400.0, 47364336800.0, 94728673600.0, 189457347200.0, 378914694400.0, 757829388800.0, 398156456225.0], [167612239872.0, 0.0, 56596340736.0, 0.0, 52242776064.0, 0.0, 118634637312.0, 0.0, -3845693859990.2104, 1488238720369.2104, 69657034752.0, 0.0, 139314069504.0, 0.0, 5441955840.0, 0.0, 8707129344.0, 0.0, 186114889728.0, 0.0, 88159684608.0, 0.0, 254683533312.0, 0.0, 462566246400.0, 0.0, 119723028480.0, 0.0, 126253375488.0, 0.0, 141490851840.0, 0.0, 51154384896.0, 0.0, 70745425920.0, 0.0, 1088391168.0, 2176782336.0, 4353564672.0, 8707129344.0, 17414258688.0, 34828517376.0, 69657034752.0, 139314069504.0, 278628139008.0, 557256278016.0, 104485552128.0, 0.0, 0.0, 0.0, 0.0, 0.0, 0.0, 0.0, 0.0, 0.0, 0.0, 0.0], [0.0, 150566446800.0, 0.0, 50840618400.0, 0.0, 46929801600.0, 0.0, 106569757800.0, 1488238720369.2104, -3944231570095.2104, 0.0, 62573068800.0, 0.0, 125146137600.0, 0.0, 4888521000.0, 0.0, 7821633600.0, 0.0, 167187418200.0, 0.0, 79194040200.0, 0.0, 228782782800.0, 0.0, 415524285000.0, 0.0, 107547462000.0, 0.0, 113413687200.0, 0.0, 127101546000.0, 0.0, 45952097400.0, 0.0, 63550773000.0, 0.0, 0.0, 0.0, 0.0, 0.0, 0.0, 0.0, 0.0, 0.0, 0.0, 0.0, 977704200.0, 1955408400.0, 3910816800.0, 7821633600.0, 15643267200.0, 31286534400.0, 62573068800.0, 125146137600.0, 250292275200.0, 500584550400.0, 263002429800.0], [148988657664.0, 0.0, 50307858432.0, 0.0, 46438023168.0, 0.0, 105453010944.0, 0.0, 69657034752.0, 0.0, -3591494069444.2104, 1488238720369.2104, 123834728448.0, 0.0, 4837294080.0, 0.0, 7739670528.0, 0.0, 165435457536.0, 0.0, 78364164096.0, 0.0, 226385362944.0, 0.0, 411169996800.0, 0.0, 106420469760.0, 0.0, 112225222656.0, 0.0, 125769646080.0, 0.0, 45470564352.0, 0.0, 62884823040.0, 0.0, 967458816.0, 1934917632.0, 3869835264.0, 7739670528.0, 15479341056.0, 30958682112.0, 61917364224.0, 123834728448.0, 247669456896.0, 495338913792.0, 92876046336.0, 0.0, 0.0, 0.0, 0.0, 0.0, 0.0, 0.0, 0.0, 0.0, 0.0, 0.0], [0.0, 133836841600.0, 0.0, 45191660800.0, 0.0, 41715379200.0, 0.0, 94728673600.0, 0.0, 62573068800.0, 1488238720369.2104, -3678296038527.2104, 0.0, 111241011200.0, 0.0, 4345352000.0, 0.0, 6952563200.0, 0.0, 148611038400.0, 0.0, 70394702400.0, 0.0, 203362473600.0, 0.0, 369354920000.0, 0.0, 95597744000.0, 0.0, 100812166400.0, 0.0, 112979152000.0, 0.0, 40846308800.0, 0.0, 56489576000.0, 0.0, 0.0, 0.0, 0.0, 0.0, 0.0, 0.0, 0.0, 0.0, 0.0, 0.0, 869070400.0, 1738140800.0, 3476281600.0, 6952563200.0, 13905126400.0, 27810252800.0, 55620505600.0, 111241011200.0, 222482022400.0, 444964044800.0, 233779937600.0], [297977315328.0, 0.0, 100615716864.0, 0.0, 92876046336.0, 0.0, 210906021888.0, 0.0, 139314069504.0, 0.0, 123834728448.0, 0.0, -5570913458346.211, 1488238720369.2104, 9674588160.0, 0.0, 15479341056.0, 0.0, 330870915072.0, 0.0, 156728328192.0, 0.0, 452770725888.0, 0.0, 822339993600.0, 0.0, 212840939520.0, 0.0, 224450445312.0, 0.0, 251539292160.0, 0.0, 90941128704.0, 0.0, 125769646080.0, 0.0, 1934917632.0, 3869835264.0, 7739670528.0, 15479341056.0, 30958682112.0, 61917364224.0, 123834728448.0, 247669456896.0, 495338913792.0, 990677827584.0, 185752092672.0, 0.0, 0.0, 0.0, 0.0, 0.0, 0.0, 0.0, 0.0, 0.0, 0.0, 0.0], [0.0, 267673683200.0, 0.0, 90383321600.0, 0.0, 83430758400.0, 0.0, 189457347200.0, 0.0, 125146137600.0, 0.0, 111241011200.0, 1488238720369.2104, -5757111122313.211, 0.0, 8690704000.0, 0.0, 13905126400.0, 0.0, 297222076800.0, 0.0, 140789404800.0, 0.0, 406724947200.0, 0.0, 738709840000.0, 0.0, 191195488000.0, 0.0, 201624332800.0, 0.0, 225958304000.0, 0.0, 81692617600.0, 0.0, 112979152000.0, 0.0, 0.0, 0.0, 0.0, 0.0, 0.0, 0.0, 0.0, 0.0, 0.0, 0.0, 1738140800.0, 3476281600.0, 6952563200.0, 13905126400.0, 27810252800.0, 55620505600.0, 111241011200.0, 222482022400.0, 444964044800.0, 889928089600.0, 467559875200.0], [11639738880.0, 0.0, 3930301440.0, 0.0, 3627970560.0, 0.0, 8238516480.0, 0.0, 5441955840.0, 0.0, 4837294080.0, 0.0, 9674588160.0, 0.0, -1657014922254.2104, 1488238720369.2104, 604661760.0, 0.0, 12924645120.0, 0.0, 6122200320.0, 0.0, 17686356480.0, 0.0, 32122656000.0, 0.0, 8314099200.0, 0.0, 8767595520.0, 0.0, 9825753600.0, 0.0, 3552387840.0, 0.0, 4912876800.0, 0.0, 75582720.0, 151165440.0, 302330880.0, 604661760.0, 1209323520.0, 2418647040.0, 4837294080.0, 9674588160.0, 19349176320.0, 38698352640.0, 7255941120.0, 0.0, 0.0, 0.0, 0.0, 0.0, 0.0, 0.0, 0.0, 0.0, 0.0, 0.0], [0.0, 10456003250.0, 0.0, 3530598500.0, 0.0, 3259014000.0, 0.0, 7400677625.0, 0.0, 4888521000.0, 0.0, 4345352000.0, 0.0, 8690704000.0, 1488238720369.2104, -1663342817252.2104, 0.0, 543169000.0, 0.0, 11610237375.0, 0.0, 5499586125.0, 0.0, 15887693250.0, 0.0, 28855853125.0, 0.0, 7468573750.0, 0.0, 7875950500.0, 0.0, 8826496250.0, 0.0, 3191117875.0, 0.0, 4413248125.0, 0.0, 0.0, 0.0, 0.0, 0.0, 0.0, 0.0, 0.0, 0.0, 0.0, 0.0, 67896125.0, 135792250.0, 271584500.0, 543169000.0, 1086338000.0, 2172676000.0, 4345352000.0, 8690704000.0, 17381408000.0, 34762816000.0, 18264057625.0], [18623582208.0, 0.0, 6288482304.0, 0.0, 5804752896.0, 0.0, 13181626368.0, 0.0, 8707129344.0, 0.0, 7739670528.0, 0.0, 15479341056.0, 0.0, 604661760.0, 0.0, -1757917851002.2104, 1488238720369.2104, 20679432192.0, 0.0, 9795520512.0, 0.0, 28298170368.0, 0.0, 51396249600.0, 0.0, 13302558720.0, 0.0, 14028152832.0, 0.0, 15721205760.0, 0.0, 5683820544.0, 0.0, 7860602880.0, 0.0, 120932352.0, 241864704.0, 483729408.0, 967458816.0, 1934917632.0, 3869835264.0, 7739670528.0, 15479341056.0, 30958682112.0, 61917364224.0, 11609505792.0, 0.0, 0.0, 0.0, 0.0, 0.0, 0.0, 0.0, 0.0, 0.0, 0.0, 0.0], [0.0, 16729605200.0, 0.0, 5648957600.0, 0.0, 5214422400.0, 0.0, 11841084200.0, 0.0, 7821633600.0, 0.0, 6952563200.0, 0.0, 13905126400.0, 0.0, 543169000.0, 1488238720369.2104, -1768079377947.2104, 0.0, 18576379800.0, 0.0, 8799337800.0, 0.0, 25420309200.0, 0.0, 46169365000.0, 0.0, 11949718000.0, 0.0, 12601520800.0, 0.0, 14122394000.0, 0.0, 5105788600.0, 0.0, 7061197000.0, 0.0, 0.0, 0.0, 0.0, 0.0, 0.0, 0.0, 0.0, 0.0, 0.0, 0.0, 108633800.0, 217267600.0, 434535200.0, 869070400.0, 1738140800.0, 3476281600.0, 6952563200.0, 13905126400.0, 27810252800.0, 55620505600.0, 29222492200.0], [398079069696.0, 0.0, 134416309248.0, 0.0, 124076593152.0, 0.0, 281757263616.0, 0.0, 186114889728.0, 0.0, 165435457536.0, 0.0, 330870915072.0, 0.0, 12924645120.0, 0.0, 20679432192.0, 0.0, -6831286692607.211, 1488238720369.2104, 209379250944.0, 0.0, 604873391616.0, 0.0, 1098594835200.0, 0.0, 284342192640.0, 0.0, 299851766784.0, 0.0, 336040773120.0, 0.0, 121491664128.0, 0.0, 168020386560.0, 0.0, 2584929024.0, 5169858048.0, 10339716096.0, 20679432192.0, 41358864384.0, 82717728768.0, 165435457536.0, 330870915072.0, 661741830144.0, 1323483660288.0, 248153186304.0, 0.0, 0.0, 0.0, 0.0, 0.0, 0.0, 0.0, 0.0, 0.0, 0.0, 0.0], [0.0, 357595311150.0, 0.0, 120746468700.0, 0.0, 111458278800.0, 0.0, 253103174775.0, 0.0, 167187418200.0, 0.0, 148611038400.0, 0.0, 297222076800.0, 0.0, 11610237375.0, 0.0, 18576379800.0, 1488238720369.2104, -7091339024234.211, 0.0, 188085845475.0, 0.0, 543359109150.0, 0.0, 986870176875.0, 0.0, 255425222250.0, 0.0, 269357507100.0, 0.0, 301866171750.0, 0.0, 109136231325.0, 0.0, 150933085875.0, 0.0, 0.0, 0.0, 0.0, 0.0, 0.0, 0.0, 0.0, 0.0, 0.0, 0.0, 2322047475.0, 4644094950.0, 9288189900.0, 18576379800.0, 37152759600.0, 74305519200.0, 148611038400.0, 297222076800.0, 594444153600.0, 1188888307200.0, 624630770775.0], [188563769856.0, 0.0, 63670883328.0, 0.0, 58773123072.0, 0.0, 133463966976.0, 0.0, 88159684608.0, 0.0, 78364164096.0, 0.0, 156728328192.0, 0.0, 6122200320.0, 0.0, 9795520512.0, 0.0, 209379250944.0, 0.0, -4129355789651.2104, 1488238720369.2104, 286518974976.0, 0.0, 520387027200.0, 0.0, 134688407040.0, 0.0, 142035047424.0, 0.0, 159177208320.0, 0.0, 57548683008.0, 0.0, 79588604160.0, 0.0, 1224440064.0, 2448880128.0, 4897760256.0, 9795520512.0, 19591041024.0, 39182082048.0, 78364164096.0, 156728328192.0, 313456656384.0, 626913312768.0, 117546246144.0, 0.0, 0.0, 0.0, 0.0, 0.0, 0.0, 0.0, 0.0, 0.0, 0.0, 0.0], [0.0, 169387252650.0, 0.0, 57195695700.0, 0.0, 52796026800.0, 0.0, 119890977525.0, 0.0, 79194040200.0, 0.0, 70394702400.0, 0.0, 140789404800.0, 0.0, 5499586125.0, 0.0, 8799337800.0, 0.0, 188085845475.0, 1488238720369.2104, -4241331417481.2104, 0.0, 257380630650.0, 0.0, 467464820625.0, 0.0, 120990894750.0, 0.0, 127590398100.0, 0.0, 142989239250.0, 0.0, 51696109575.0, 0.0, 71494619625.0, 0.0, 0.0, 0.0, 0.0, 0.0, 0.0, 0.0, 0.0, 0.0, 0.0, 0.0, 1099917225.0, 2199834450.0, 4399668900.0, 8799337800.0, 17598675600.0, 35197351200.0, 70394702400.0, 140789404800.0, 281578809600.0, 563157619200.0, 295877733525.0], [544739779584.0, 0.0, 183938107392.0, 0.0, 169789022208.0, 0.0, 385562571264.0, 0.0, 254683533312.0, 0.0, 226385362944.0, 0.0, 452770725888.0, 0.0, 17686356480.0, 0.0, 28298170368.0, 0.0, 604873391616.0, 0.0, 286518974976.0, 0.0, -8576929660807.211, 1488238720369.2104, 1503340300800.0, 0.0, 389099842560.0, 0.0, 410323470336.0, 0.0, 459845268480.0, 0.0, 166251750912.0, 0.0, 229922634240.0, 0.0, 3537271296.0, 7074542592.0, 14149085184.0, 28298170368.0, 56596340736.0, 113192681472.0, 226385362944.0, 452770725888.0, 905541451776.0, 1811082903552.0, 339578044416.0, 0.0, 0.0, 0.0, 0.0, 0.0, 0.0, 0.0, 0.0, 0.0, 0.0, 0.0], [0.0, 489340952100.0, 0.0, 165232009800.0, 0.0, 152521855200.0, 0.0, 346351712850.0, 0.0, 228782782800.0, 0.0, 203362473600.0, 0.0, 406724947200.0, 0.0, 15887693250.0, 0.0, 25420309200.0, 0.0, 543359109150.0, 0.0, 257380630650.0, 1488238720369.2104, -8955453905112.21, 0.0, 1350453926250.0, 0.0, 349529251500.0, 0.0, 368594483400.0, 0.0, 413080024500.0, 0.0, 149344316550.0, 0.0, 206540012250.0, 0.0, 0.0, 0.0, 0.0, 0.0, 0.0, 0.0, 0.0, 0.0, 0.0, 0.0, 3177538650.0, 6355077300.0, 12710154600.0, 25420309200.0, 50840618400.0, 101681236800.0, 203362473600.0, 406724947200.0, 813449894400.0, 1626899788800.0, 854757896850.0], [989377804800.0, 0.0, 334075622400.0, 0.0, 308377497600.0, 0.0, 700273900800.0, 0.0, 462566246400.0, 0.0, 411169996800.0, 0.0, 822339993600.0, 0.0, 32122656000.0, 0.0, 51396249600.0, 0.0, 1098594835200.0, 0.0, 520387027200.0, 0.0, 1503340300800.0, 0.0, -13135911782407.21, 1488238720369.2104, 706698432000.0, 0.0, 745245619200.0, 0.0, 835189056000.0, 0.0, 301952966400.0, 0.0, 417594528000.0, 0.0, 6424531200.0, 12849062400.0, 25698124800.0, 51396249600.0, 102792499200.0, 205584998400.0, 411169996800.0, 822339993600.0, 1644679987200.0, 3289359974400.0, 616754995200.0, 0.0, 0.0, 0.0, 0.0, 0.0, 0.0, 0.0, 0.0, 0.0, 0.0, 0.0], [0.0, 888760276250.0, 0.0, 300100872500.0, 0.0, 277016190000.0, 0.0, 629057598125.0, 0.0, 415524285000.0, 0.0, 369354920000.0, 0.0, 738709840000.0, 0.0, 28855853125.0, 0.0, 46169365000.0, 0.0, 986870176875.0, 0.0, 467464820625.0, 0.0, 1350453926250.0, 1488238720369.2104, -13948194264520.21, 0.0, 634828768750.0, 0.0, 669455792500.0, 0.0, 750252181250.0, 0.0, 271245019375.0, 0.0, 375126090625.0, 0.0, 0.0, 0.0, 0.0, 0.0, 0.0, 0.0, 0.0, 0.0, 0.0, 0.0, 5771170625.0, 11542341250.0, 23084682500.0, 46169365000.0, 92338730000.0, 184677460000.0, 369354920000.0, 738709840000.0, 1477419680000.0, 2954839360000.0, 1552444898125.0], [256074255360.0, 0.0, 86466631680.0, 0.0, 79815352320.0, 0.0, 181247362560.0, 0.0, 119723028480.0, 0.0, 106420469760.0, 0.0, 212840939520.0, 0.0, 8314099200.0, 0.0, 13302558720.0, 0.0, 284342192640.0, 0.0, 134688407040.0, 0.0, 389099842560.0, 0.0, 706698432000.0, 0.0, -5026719135943.211, 1488238720369.2104, 192887101440.0, 0.0, 216166579200.0, 0.0, 78152532480.0, 0.0, 108083289600.0, 0.0, 1662819840.0, 3325639680.0, 6651279360.0, 13302558720.0, 26605117440.0, 53210234880.0, 106420469760.0, 212840939520.0, 425681879040.0, 851363758080.0, 159630704640.0, 0.0, 0.0, 0.0, 0.0, 0.0, 0.0, 0.0, 0.0, 0.0, 0.0, 0.0], [0.0, 230032071500.0, 0.0, 77673167000.0, 0.0, 71698308000.0, 0.0, 162814907750.0, 0.0, 107547462000.0, 0.0, 95597744000.0, 0.0, 191195488000.0, 0.0, 7468573750.0, 0.0, 11949718000.0, 0.0, 255425222250.0, 0.0, 120990894750.0, 0.0, 349529251500.0, 0.0, 634828768750.0, 1488238720369.2104, -5183688851296.211, 0.0, 173270911000.0, 0.0, 194182917500.0, 0.0, 70204593250.0, 0.0, 97091458750.0, 0.0, 0.0, 0.0, 0.0, 0.0, 0.0, 0.0, 0.0, 0.0, 0.0, 0.0, 1493714750.0, 2987429500.0, 5974859000.0, 11949718000.0, 23899436000.0, 47798872000.0, 95597744000.0, 191195488000.0, 382390976000.0, 764781952000.0, 401809267750.0], [270041942016.0, 0.0, 91182993408.0, 0.0, 84168916992.0, 0.0, 191133582336.0, 0.0, 126253375488.0, 0.0, 112225222656.0, 0.0, 224450445312.0, 0.0, 8767595520.0, 0.0, 14028152832.0, 0.0, 299851766784.0, 0.0, 142035047424.0, 0.0, 410323470336.0, 0.0, 745245619200.0, 0.0, 192887101440.0, 0.0, -5209206047451.211, 1488238720369.2104, 227957483520.0, 0.0, 82415397888.0, 0.0, 113978741760.0, 0.0, 1753519104.0, 3507038208.0, 7014076416.0, 14028152832.0, 28056305664.0, 56112611328.0, 112225222656.0, 224450445312.0, 448900890624.0, 897801781248.0, 168337833984.0, 0.0, 0.0, 0.0, 0.0, 0.0, 0.0, 0.0, 0.0, 0.0, 0.0, 0.0], [0.0, 242579275400.0, 0.0, 81909885200.0, 0.0, 75609124800.0, 0.0, 171695720900.0, 0.0, 113413687200.0, 0.0, 100812166400.0, 0.0, 201624332800.0, 0.0, 7875950500.0, 0.0, 12601520800.0, 0.0, 269357507100.0, 0.0, 127590398100.0, 0.0, 368594483400.0, 0.0, 669455792500.0, 0.0, 173270911000.0, 1488238720369.2104, -5375807721543.211, 0.0, 204774713000.0, 0.0, 74033934700.0, 0.0, 102387356500.0, 0.0, 0.0, 0.0, 0.0, 0.0, 0.0, 0.0, 0.0, 0.0, 0.0, 0.0, 1575190100.0, 3150380200.0, 6300760400.0, 12601520800.0, 25203041600.0, 50406083200.0, 100812166400.0, 201624332800.0, 403248665600.0, 806497331200.0, 423726136900.0], [302633210880.0, 0.0, 102187837440.0, 0.0, 94327234560.0, 0.0, 214201428480.0, 0.0, 141490851840.0, 0.0, 125769646080.0, 0.0, 251539292160.0, 0.0, 9825753600.0, 0.0, 15721205760.0, 0.0, 336040773120.0, 0.0, 159177208320.0, 0.0, 459845268480.0, 0.0, 835189056000.0, 0.0, 216166579200.0, 0.0, 227957483520.0, 0.0, -5630776185274.211, 1488238720369.2104, 92362083840.0, 0.0, 127734796800.0, 0.0, 1965150720.0, 3930301440.0, 7860602880.0, 15721205760.0, 31442411520.0, 62884823040.0, 125769646080.0, 251539292160.0, 503078584320.0, 1006157168640.0, 188654469120.0, 0.0, 0.0, 0.0, 0.0, 0.0, 0.0, 0.0, 0.0, 0.0, 0.0, 0.0], [0.0, 271856084500.0, 0.0, 91795561000.0, 0.0, 84734364000.0, 0.0, 192417618250.0, 0.0, 127101546000.0, 0.0, 112979152000.0, 0.0, 225958304000.0, 0.0, 8826496250.0, 0.0, 14122394000.0, 0.0, 301866171750.0, 0.0, 142989239250.0, 0.0, 413080024500.0, 0.0, 750252181250.0, 0.0, 194182917500.0, 0.0, 204774713000.0, 1488238720369.2104, -5820282875732.211, 0.0, 82969064750.0, 0.0, 114744451250.0, 0.0, 0.0, 0.0, 0.0, 0.0, 0.0, 0.0, 0.0, 0.0, 0.0, 0.0, 1765299250.0, 3530598500.0, 7061197000.0, 14122394000.0, 28244788000.0, 56489576000.0, 112979152000.0, 225958304000.0, 451916608000.0, 903833216000.0, 474865498250.0], [109413545472.0, 0.0, 36944833536.0, 0.0, 34102923264.0, 0.0, 77442054912.0, 0.0, 51154384896.0, 0.0, 45470564352.0, 0.0, 90941128704.0, 0.0, 3552387840.0, 0.0, 5683820544.0, 0.0, 121491664128.0, 0.0, 57548683008.0, 0.0, 166251750912.0, 0.0, 301952966400.0, 0.0, 78152532480.0, 0.0, 82415397888.0, 0.0, 92362083840.0, 0.0, -3044894988134.2104, 1488238720369.2104, 46181041920.0, 0.0, 710477568.0, 1420955136.0, 2841910272.0, 5683820544.0, 11367641088.0, 22735282176.0, 45470564352.0, 90941128704.0, 181882257408.0, 363764514816.0, 68205846528.0, 0.0, 0.0, 0.0, 0.0, 0.0, 0.0, 0.0, 0.0, 0.0, 0.0, 0.0], [0.0, 98286430550.0, 0.0, 33187625900.0, 0.0, 30634731600.0, 0.0, 69566369675.0, 0.0, 45952097400.0, 0.0, 40846308800.0, 0.0, 81692617600.0, 0.0, 3191117875.0, 0.0, 5105788600.0, 0.0, 109136231325.0, 0.0, 51696109575.0, 0.0, 149344316550.0, 0.0, 271245019375.0, 0.0, 70204593250.0, 0.0, 74033934700.0, 0.0, 82969064750.0, 1488238720369.2104, -3107411864154.2104, 0.0, 41484532375.0, 0.0, 0.0, 0.0, 0.0, 0.0, 0.0, 0.0, 0.0, 0.0, 0.0, 0.0, 638223575.0, 1276447150.0, 2552894300.0, 5105788600.0, 10211577200.0, 20423154400.0, 40846308800.0, 81692617600.0, 163385235200.0, 326770470400.0, 171682141675.0], [151316605440.0, 0.0, 51093918720.0, 0.0, 47163617280.0, 0.0, 107100714240.0, 0.0, 70745425920.0, 0.0, 62884823040.0, 0.0, 125769646080.0, 0.0, 4912876800.0, 0.0, 7860602880.0, 0.0, 168020386560.0, 0.0, 79588604160.0, 0.0, 229922634240.0, 0.0, 417594528000.0, 0.0, 108083289600.0, 0.0, 113978741760.0, 0.0, 127734796800.0, 0.0, 46181041920.0, 0.0, -3623374861151.2104, 1488238720369.2104, 982575360.0, 1965150720.0, 3930301440.0, 7860602880.0, 15721205760.0, 31442411520.0, 62884823040.0, 125769646080.0, 251539292160.0, 503078584320.0, 94327234560.0, 0.0, 0.0, 0.0, 0.0, 0.0, 0.0, 0.0, 0.0, 0.0, 0.0, 0.0], [0.0, 135928042250.0, 0.0, 45897780500.0, 0.0, 42367182000.0, 0.0, 96208809125.0, 0.0, 63550773000.0, 0.0, 56489576000.0, 0.0, 112979152000.0, 0.0, 4413248125.0, 0.0, 7061197000.0, 0.0, 150933085875.0, 0.0, 71494619625.0, 0.0, 206540012250.0, 0.0, 375126090625.0, 0.0, 97091458750.0, 0.0, 102387356500.0, 0.0, 114744451250.0, 0.0, 41484532375.0, 1488238720369.2104, -3711633020449.2104, 0.0, 0.0, 0.0, 0.0, 0.0, 0.0, 0.0, 0.0, 0.0, 0.0, 0.0, 882649625.0, 1765299250.0, 3530598500.0, 7061197000.0, 14122394000.0, 28244788000.0, 56489576000.0, 112979152000.0, 225958304000.0, 451916608000.0, 237432749125.0], [2327947776.0, 0.0, 786060288.0, 0.0, 725594112.0, 0.0, 1647703296.0, 0.0, 1088391168.0, 0.0, 967458816.0, 0.0, 1934917632.0, 0.0, 75582720.0, 0.0, 120932352.0, 0.0, 2584929024.0, 0.0, 1224440064.0, 0.0, 3537271296.0, 0.0, 6424531200.0, 0.0, 1662819840.0, 0.0, 1753519104.0, 0.0, 1965150720.0, 0.0, 710477568.0, 0.0, 982575360.0, 0.0, -33815708928.0, 30233088.0, 60466176.0, 120932352.0, 241864704.0, 483729408.0, 967458816.0, 1934917632.0, 3869835264.0, 7739670528.0, 1451188224.0, 0.0, 0.0, 0.0, 0.0, 0.0, 0.0, 0.0, 0.0, 0.0, 0.0, 0.0], [4655895552.0, 0.0, 1572120576.0, 0.0, 1451188224.0, 0.0, 3295406592.0, 0.0, 2176782336.0, 0.0, 1934917632.0, 0.0, 3869835264.0, 0.0, 151165440.0, 0.0, 241864704.0, 0.0, 5169858048.0, 0.0, 2448880128.0, 0.0, 7074542592.0, 0.0, 12849062400.0, 0.0, 3325639680.0, 0.0, 3507038208.0, 0.0, 3930301440.0, 0.0, 1420955136.0, 0.0, 1965150720.0, 0.0, 30233088.0, -67601184768.0, 120932352.0, 241864704.0, 483729408.0, 967458816.0, 1934917632.0, 3869835264.0, 7739670528.0, 15479341056.0, 2902376448.0, 0.0, 0.0, 0.0, 0.0, 0.0, 0.0, 0.0, 0.0, 0.0, 0.0, 0.0], [9311791104.0, 0.0, 3144241152.0, 0.0, 2902376448.0, 0.0, 6590813184.0, 0.0, 4353564672.0, 0.0, 3869835264.0, 0.0, 7739670528.0, 0.0, 302330880.0, 0.0, 483729408.0, 0.0, 10339716096.0, 0.0, 4897760256.0, 0.0, 14149085184.0, 0.0, 25698124800.0, 0.0, 6651279360.0, 0.0, 7014076416.0, 0.0, 7860602880.0, 0.0, 2841910272.0, 0.0, 3930301440.0, 0.0, 60466176.0, 120932352.0, -135081437184.0, 483729408.0, 967458816.0, 1934917632.0, 3869835264.0, 7739670528.0, 15479341056.0, 30958682112.0, 5804752896.0, 0.0, 0.0, 0.0, 0.0, 0.0, 0.0, 0.0, 0.0, 0.0, 0.0, 0.0], [18623582208.0, 0.0, 6288482304.0, 0.0, 5804752896.0, 0.0, 13181626368.0, 0.0, 8707129344.0, 0.0, 7739670528.0, 0.0, 15479341056.0, 0.0, 604661760.0, 0.0, 967458816.0, 0.0, 20679432192.0, 0.0, 9795520512.0, 0.0, 28298170368.0, 0.0, 51396249600.0, 0.0, 13302558720.0, 0.0, 14028152832.0, 0.0, 15721205760.0, 0.0, 5683820544.0, 0.0, 7860602880.0, 0.0, 120932352.0, 241864704.0, 483729408.0, -269679144960.0, 1934917632.0, 3869835264.0, 7739670528.0, 15479341056.0, 30958682112.0, 61917364224.0, 11609505792.0, 0.0, 0.0, 0.0, 0.0, 0.0, 0.0, 0.0, 0.0, 0.0, 0.0, 0.0], [37247164416.0, 0.0, 12576964608.0, 0.0, 11609505792.0, 0.0, 26363252736.0, 0.0, 17414258688.0, 0.0, 15479341056.0, 0.0, 30958682112.0, 0.0, 1209323520.0, 0.0, 1934917632.0, 0.0, 41358864384.0, 0.0, 19591041024.0, 0.0, 56596340736.0, 0.0, 102792499200.0, 0.0, 26605117440.0, 0.0, 28056305664.0, 0.0, 31442411520.0, 0.0, 11367641088.0, 0.0, 15721205760.0, 0.0, 241864704.0, 483729408.0, 967458816.0, 1934917632.0, -537423372288.0, 7739670528.0, 15479341056.0, 30958682112.0, 61917364224.0, 123834728448.0, 23219011584.0, 0.0, 0.0, 0.0, 0.0, 0.0, 0.0, 0.0, 0.0, 0.0, 0.0, 0.0], [74494328832.0, 0.0, 25153929216.0, 0.0, 23219011584.0, 0.0, 52726505472.0, 0.0, 34828517376.0, 0.0, 30958682112.0, 0.0, 61917364224.0, 0.0, 2418647040.0, 0.0, 3869835264.0, 0.0, 82717728768.0, 0.0, 39182082048.0, 0.0, 113192681472.0, 0.0, 205584998400.0, 0.0, 53210234880.0, 0.0, 56112611328.0, 0.0, 62884823040.0, 0.0, 22735282176.0, 0.0, 31442411520.0, 0.0, 483729408.0, 967458816.0, 1934917632.0, 3869835264.0, 7739670528.0, -1067107074048.0, 30958682112.0, 61917364224.0, 123834728448.0, 247669456896.0, 46438023168.0, 0.0, 0.0, 0.0, 0.0, 0.0, 0.0, 0.0, 0.0, 0.0, 0.0, 0.0], [148988657664.0, 0.0, 50307858432.0, 0.0, 46438023168.0, 0.0, 105453010944.0, 0.0, 69657034752.0, 0.0, 61917364224.0, 0.0, 123834728448.0, 0.0, 4837294080.0, 0.0, 7739670528.0, 0.0, 165435457536.0, 0.0, 78364164096.0, 0.0, 226385362944.0, 0.0, 411169996800.0, 0.0, 106420469760.0, 0.0, 112225222656.0, 0.0, 125769646080.0, 0.0, 45470564352.0, 0.0, 62884823040.0, 0.0, 967458816.0, 1934917632.0, 3869835264.0, 7739670528.0, 15479341056.0, 30958682112.0, -2103255465984.0, 123834728448.0, 247669456896.0, 495338913792.0, 92876046336.0, 0.0, 0.0, 0.0, 0.0, 0.0, 0.0, 0.0, 0.0, 0.0, 0.0, 0.0], [297977315328.0, 0.0, 100615716864.0, 0.0, 92876046336.0, 0.0, 210906021888.0, 0.0, 139314069504.0, 0.0, 123834728448.0, 0.0, 247669456896.0, 0.0, 9674588160.0, 0.0, 15479341056.0, 0.0, 330870915072.0, 0.0, 156728328192.0, 0.0, 452770725888.0, 0.0, 822339993600.0, 0.0, 212840939520.0, 0.0, 224450445312.0, 0.0, 251539292160.0, 0.0, 90941128704.0, 0.0, 125769646080.0, 0.0, 1934917632.0, 3869835264.0, 7739670528.0, 15479341056.0, 30958682112.0, 61917364224.0, 123834728448.0, -4082676203520.0, 495338913792.0, 990677827584.0, 185752092672.0, 0.0, 0.0, 0.0, 0.0, 0.0, 0.0, 0.0, 0.0, 0.0, 0.0, 0.0], [595954630656.0, 0.0, 201231433728.0, 0.0, 185752092672.0, 0.0, 421812043776.0, 0.0, 278628139008.0, 0.0, 247669456896.0, 0.0, 495338913792.0, 0.0, 19349176320.0, 0.0, 30958682112.0, 0.0, 661741830144.0, 0.0, 313456656384.0, 0.0, 905541451776.0, 0.0, 1644679987200.0, 0.0, 425681879040.0, 0.0, 448900890624.0, 0.0, 503078584320.0, 0.0, 181882257408.0, 0.0, 251539292160.0, 0.0, 3869835264.0, 7739670528.0, 15479341056.0, 30958682112.0, 61917364224.0, 123834728448.0, 247669456896.0, 495338913792.0, -7670013493248.0, 1981355655168.0, 371504185344.0, 0.0, 0.0, 0.0, 0.0, 0.0, 0.0, 0.0, 0.0, 0.0, 0.0, 0.0], [1191909261312.0, 0.0, 402462867456.0, 0.0, 371504185344.0, 0.0, 843624087552.0, 0.0, 557256278016.0, 0.0, 495338913792.0, 0.0, 990677827584.0, 0.0, 38698352640.0, 0.0, 61917364224.0, 0.0, 1323483660288.0, 0.0, 626913312768.0, 0.0, 1811082903552.0, 0.0, 3289359974400.0, 0.0, 851363758080.0, 0.0, 897801781248.0, 0.0, 1006157168640.0, 0.0, 363764514816.0, 0.0, 503078584320.0, 0.0, 7739670528.0, 15479341056.0, 30958682112.0, 61917364224.0, 123834728448.0, 247669456896.0, 495338913792.0, 990677827584.0, 1981355655168.0, -13358671331328.0, 743008370688.0, 0.0, 0.0, 0.0, 0.0, 0.0, 0.0, 0.0, 0.0, 0.0, 0.0, 0.0], [223482986496.0, 0.0, 75461787648.0, 0.0, 69657034752.0, 0.0, 158179516416.0, 0.0, 104485552128.0, 0.0, 92876046336.0, 0.0, 185752092672.0, 0.0, 7255941120.0, 0.0, 11609505792.0, 0.0, 248153186304.0, 0.0, 117546246144.0, 0.0, 339578044416.0, 0.0, 616754995200.0, 0.0, 159630704640.0, 0.0, 168337833984.0, 0.0, 188654469120.0, 0.0, 68205846528.0, 0.0, 94327234560.0, 0.0, 1451188224.0, 2902376448.0, 5804752896.0, 11609505792.0, 23219011584.0, 46438023168.0, 92876046336.0, 185752092672.0, 371504185344.0, 743008370688.0, -3108445175808.0, 0.0, 0.0, 0.0, 0.0, 0.0, 0.0, 0.0, 0.0, 0.0, 0.0, 0.0], [0.0, 2091200650.0, 0.0, 706119700.0, 0.0, 651802800.0, 0.0, 1480135525.0, 0.0, 977704200.0, 0.0, 869070400.0, 0.0, 1738140800.0, 0.0, 67896125.0, 0.0, 108633800.0, 0.0, 2322047475.0, 0.0, 1099917225.0, 0.0, 3177538650.0, 0.0, 5771170625.0, 0.0, 1493714750.0, 0.0, 1575190100.0, 0.0, 1765299250.0, 0.0, 638223575.0, 0.0, 882649625.0, 0.0, 0.0, 0.0, 0.0, 0.0, 0.0, 0.0, 0.0, 0.0, 0.0, 0.0, -35075138175.0, 27158450.0, 54316900.0, 108633800.0, 217267600.0, 434535200.0, 869070400.0, 1738140800.0, 3476281600.0, 6952563200.0, 3652811525.0], [0.0, 4182401300.0, 0.0, 1412239400.0, 0.0, 1303605600.0, 0.0, 2960271050.0, 0.0, 1955408400.0, 0.0, 1738140800.0, 0.0, 3476281600.0, 0.0, 135792250.0, 0.0, 217267600.0, 0.0, 4644094950.0, 0.0, 2199834450.0, 0.0, 6355077300.0, 0.0, 11542341250.0, 0.0, 2987429500.0, 0.0, 3150380200.0, 0.0, 3530598500.0, 0.0, 1276447150.0, 0.0, 1765299250.0, 0.0, 0.0, 0.0, 0.0, 0.0, 0.0, 0.0, 0.0, 0.0, 0.0, 0.0, 27158450.0, -70123117900.0, 108633800.0, 217267600.0, 434535200.0, 869070400.0, 1738140800.0, 3476281600.0, 6952563200.0, 13905126400.0, 7305623050.0], [0.0, 8364802600.0, 0.0, 2824478800.0, 0.0, 2607211200.0, 0.0, 5920542100.0, 0.0, 3910816800.0, 0.0, 3476281600.0, 0.0, 6952563200.0, 0.0, 271584500.0, 0.0, 434535200.0, 0.0, 9288189900.0, 0.0, 4399668900.0, 0.0, 12710154600.0, 0.0, 23084682500.0, 0.0, 5974859000.0, 0.0, 6300760400.0, 0.0, 7061197000.0, 0.0, 2552894300.0, 0.0, 3530598500.0, 0.0, 0.0, 0.0, 0.0, 0.0, 0.0, 0.0, 0.0, 0.0, 0.0, 0.0, 54316900.0, 108633800.0, -140137602000.0, 434535200.0, 869070400.0, 1738140800.0, 3476281600.0, 6952563200.0, 13905126400.0, 27810252800.0, 14611246100.0], [0.0, 16729605200.0, 0.0, 5648957600.0, 0.0, 5214422400.0, 0.0, 11841084200.0, 0.0, 7821633600.0, 0.0, 6952563200.0, 0.0, 13905126400.0, 0.0, 543169000.0, 0.0, 869070400.0, 0.0, 18576379800.0, 0.0, 8799337800.0, 0.0, 25420309200.0, 0.0, 46169365000.0, 0.0, 11949718000.0, 0.0, 12601520800.0, 0.0, 14122394000.0, 0.0, 5105788600.0, 0.0, 7061197000.0, 0.0, 0.0, 0.0, 0.0, 0.0, 0.0, 0.0, 0.0, 0.0, 0.0, 0.0, 108633800.0, 217267600.0, 434535200.0, -279840668800.0, 1738140800.0, 3476281600.0, 6952563200.0, 13905126400.0, 27810252800.0, 55620505600.0, 29222492200.0], [0.0, 33459210400.0, 0.0, 11297915200.0, 0.0, 10428844800.0, 0.0, 23682168400.0, 0.0, 15643267200.0, 0.0, 13905126400.0, 0.0, 27810252800.0, 0.0, 1086338000.0, 0.0, 1738140800.0, 0.0, 37152759600.0, 0.0, 17598675600.0, 0.0, 50840618400.0, 0.0, 92338730000.0, 0.0, 23899436000.0, 0.0, 25203041600.0, 0.0, 28244788000.0, 0.0, 10211577200.0, 0.0, 14122394000.0, 0.0, 0.0, 0.0, 0.0, 0.0, 0.0, 0.0, 0.0, 0.0, 0.0, 0.0, 217267600.0, 434535200.0, 869070400.0, 1738140800.0, -557943196800.0, 6952563200.0, 13905126400.0, 27810252800.0, 55620505600.0, 111241011200.0, 58444984400.0], [0.0, 66918420800.0, 0.0, 22595830400.0, 0.0, 20857689600.0, 0.0, 47364336800.0, 0.0, 31286534400.0, 0.0, 27810252800.0, 0.0, 55620505600.0, 0.0, 2172676000.0, 0.0, 3476281600.0, 0.0, 74305519200.0, 0.0, 35197351200.0, 0.0, 101681236800.0, 0.0, 184677460000.0, 0.0, 47798872000.0, 0.0, 50406083200.0, 0.0, 56489576000.0, 0.0, 20423154400.0, 0.0, 28244788000.0, 0.0, 0.0, 0.0, 0.0, 0.0, 0.0, 0.0, 0.0, 0.0, 0.0, 0.0, 434535200.0, 869070400.0, 1738140800.0, 3476281600.0, 6952563200.0, -1108933830400.0, 27810252800.0, 55620505600.0, 111241011200.0, 222482022400.0, 116889968800.0], [0.0, 133836841600.0, 0.0, 45191660800.0, 0.0, 41715379200.0, 0.0, 94728673600.0, 0.0, 62573068800.0, 0.0, 55620505600.0, 0.0, 111241011200.0, 0.0, 4345352000.0, 0.0, 6952563200.0, 0.0, 148611038400.0, 0.0, 70394702400.0, 0.0, 203362473600.0, 0.0, 369354920000.0, 0.0, 95597744000.0, 0.0, 100812166400.0, 0.0, 112979152000.0, 0.0, 40846308800.0, 0.0, 56489576000.0, 0.0, 0.0, 0.0, 0.0, 0.0, 0.0, 0.0, 0.0, 0.0, 0.0, 0.0, 869070400.0, 1738140800.0, 3476281600.0, 6952563200.0, 13905126400.0, 27810252800.0, -2190057408000.0, 111241011200.0, 222482022400.0, 444964044800.0, 233779937600.0], [0.0, 267673683200.0, 0.0, 90383321600.0, 0.0, 83430758400.0, 0.0, 189457347200.0, 0.0, 125146137600.0, 0.0, 111241011200.0, 0.0, 222482022400.0, 0.0, 8690704000.0, 0.0, 13905126400.0, 0.0, 297222076800.0, 0.0, 140789404800.0, 0.0, 406724947200.0, 0.0, 738709840000.0, 0.0, 191195488000.0, 0.0, 201624332800.0, 0.0, 225958304000.0, 0.0, 81692617600.0, 0.0, 112979152000.0, 0.0, 0.0, 0.0, 0.0, 0.0, 0.0, 0.0, 0.0, 0.0, 0.0, 0.0, 1738140800.0, 3476281600.0, 6952563200.0, 13905126400.0, 27810252800.0, 55620505600.0, 111241011200.0, -4268873804800.0, 444964044800.0, 889928089600.0, 467559875200.0], [0.0, 535347366400.0, 0.0, 180766643200.0, 0.0, 166861516800.0, 0.0, 378914694400.0, 0.0, 250292275200.0, 0.0, 222482022400.0, 0.0, 444964044800.0, 0.0, 17381408000.0, 0.0, 27810252800.0, 0.0, 594444153600.0, 0.0, 281578809600.0, 0.0, 813449894400.0, 0.0, 1477419680000.0, 0.0, 382390976000.0, 0.0, 403248665600.0, 0.0, 451916608000.0, 0.0, 163385235200.0, 0.0, 225958304000.0, 0.0, 0.0, 0.0, 0.0, 0.0, 0.0, 0.0, 0.0, 0.0, 0.0, 0.0, 3476281600.0, 6952563200.0, 13905126400.0, 27810252800.0, 55620505600.0, 111241011200.0, 222482022400.0, 444964044800.0, -8092783564800.0, 1779856179200.0, 935119750400.0], [0.0, 1070694732800.0, 0.0, 361533286400.0, 0.0, 333723033600.0, 0.0, 757829388800.0, 0.0, 500584550400.0, 0.0, 444964044800.0, 0.0, 889928089600.0, 0.0, 34762816000.0, 0.0, 55620505600.0, 0.0, 1188888307200.0, 0.0, 563157619200.0, 0.0, 1626899788800.0, 0.0, 2954839360000.0, 0.0, 764781952000.0, 0.0, 806497331200.0, 0.0, 903833216000.0, 0.0, 326770470400.0, 0.0, 451916608000.0, 0.0, 0.0, 0.0, 0.0, 0.0, 0.0, 0.0, 0.0, 0.0, 0.0, 0.0, 6952563200.0, 13905126400.0, 27810252800.0, 55620505600.0, 111241011200.0, 222482022400.0, 444964044800.0, 889928089600.0, 1779856179200.0, -14405710950400.0, 1870239500800.0], [0.0, 562532974850.0, 0.0, 189946199300.0, 0.0, 175334953200.0, 0.0, 398156456225.0, 0.0, 263002429800.0, 0.0, 233779937600.0, 0.0, 467559875200.0, 0.0, 18264057625.0, 0.0, 29222492200.0, 0.0, 624630770775.0, 0.0, 295877733525.0, 0.0, 854757896850.0, 0.0, 1552444898125.0, 0.0, 401809267750.0, 0.0, 423726136900.0, 0.0, 474865498250.0, 