{
  "qubo": {
    "id": 0,
    "name": "Model",
    "variables": [
      {
        "id": 0,
        "name": "0",
        "slack": false
      },
      {
        "id": 1,
        "name": "1",
        "slack": false
      },
      {
        "id": 2,
        "name": "2",
        "slack": false
      },
      {
        "id": 3,
        "name": "3",
        "slack": false
      },
      {
        "id": 4,
        "name": "4",
        "slack": false
      },
      {
        "id": 5,
        "name": "5",
        "slack": false
      },
      {
        "id": 6,
        "name": "6",
        "slack": false
      },
      {
        "id": 7,
        "name": "7",
        "slack": false
      },
      {
        "id": 8,
        "name": "8",
        "slack": false
      },
      {
        "id": 9,
        "name": "9",
        "slack": false
      },
      {
        "id": 10,
        "name": "10",
        "slack": false
      },
      {
        "id": 11,
        "name": "11",
        "slack": false
      },
      {
        "id": 12,
        "name": "12",
        "slack": false
      },
      {
        "id": 13,
        "name": "13",
        "slack": false
      },
      {
        "id": 14,
        "name": "14",
        "slack": false
      },
      {
        "id": 15,
        "name": "15",
        "slack": false
      },
      {
        "id": 16,
        "name": "16",
        "slack": false
      },
      {
        "id": 17,
        "name": "17",
        "slack": false
      },
      {
        "id": 18,
        "name": "capacity_constraint_machine_24@int_slack@0",
        "slack": true
      },
      {
        "id": 19,
        "name": "capacity_constraint_machine_24@int_slack@1",
        "slack": true
      },
      {
        "id": 20,
        "name": "capacity_constraint_machine_24@int_slack@2",
        "slack": true
      },
      {
        "id": 21,
        "name": "capacity_constraint_machine_24@int_slack@3",
        "slack": true
      },
      {
        "id": 22,
        "name": "capacity_constraint_machine_24@int_slack@4",
        "slack": true
      },
      {
        "id": 23,
        "name": "capacity_constraint_machine_24@int_slack@5",
        "slack": true
      },
      {
        "id": 24,
        "name": "capacity_constraint_machine_24@int_slack@6",
        "slack": true
      },
      {
        "id": 25,
        "name": "capacity_constraint_machine_24@int_slack@7",
        "slack": true
      },
      {
        "id": 26,
        "name": "capacity_constraint_machine_24@int_slack@8",
        "slack": true
      },
      {
        "id": 27,
        "name": "capacity_constraint_machine_27@int_slack@0",
        "slack": true
      },
      {
        "id": 28,
        "name": "capacity_constraint_machine_27@int_slack@1",
        "slack": true
      },
      {
        "id": 29,
        "name": "capacity_constraint_machine_27@int_slack@2",
        "slack": true
      },
      {
        "id": 30,
        "name": "capacity_constraint_machine_27@int_slack@3",
        "slack": true
      },
      {
        "id": 31,
        "name": "capacity_constraint_machine_27@int_slack@4",
        "slack": true
      },
      {
        "id": 32,
        "name": "capacity_constraint_machine_27@int_slack@5",
        "slack": true
      },
      {
        "id": 33,
        "name": "capacity_constraint_machine_27@int_slack@6",
        "slack": true
      },
      {
        "id": 34,
        "name": "capacity_constraint_machine_27@int_slack@7",
        "slack": true
      },
      {
        "id": 35,
        "name": "capacity_constraint_machine_27@int_slack@8",
        "slack": true
      }
    ],
    "constant": 7710975329037.76,
    "matrix": "[[-2095963546701.6401, 208967105492.64, 159291932800.0, 0.0, 147038707200.0, 0.0, 333900397600.0, 0.0, 220558060800.0, 0.0, 196051609600.0, 0.0, 392103219200.0, 0.0, 15316532000.0, 0.0, 24506451200.0, 0.0, 3063306400.0, 6126612800.0, 12253225600.0, 24506451200.0, 49012902400.0, 98025804800.0, 196051609600.0, 392103219200.0, 398229832000.0, 0.0, 0.0, 0.0, 0.0, 0.0, 0.0, 0.0, 0.0, 0.0], [208967105492.64, -2078802029433.6401, 0.0, 161514000648.0, 0.0, 149089846752.0, 0.0, 338558193666.0, 0.0, 223634770128.0, 0.0, 198786462336.0, 0.0, 397572924672.0, 0.0, 15530192370.0, 0.0, 24848307792.0, 0.0, 0.0, 0.0, 0.0, 0.0, 0.0, 0.0, 0.0, 0.0, 3106038474.0, 6212076948.0, 12424153896.0, 24848307792.0, 49696615584.0, 99393231168.0, 198786462336.0, 397572924672.0, 382042732302.0], [159291932800.0, 0.0, -951639790410.64, 208967105492.64, 49649433600.0, 0.0, 112745588800.0, 0.0, 74474150400.0, 0.0, 66199244800.0, 0.0, 132398489600.0, 0.0, 5171816000.0, 0.0, 8274905600.0, 0.0, 1034363200.0, 2068726400.0, 4137452800.0, 8274905600.0, 16549811200.0, 33099622400.0, 66199244800.0, 132398489600.0, 134467216000.0, 0.0, 0.0, 0.0, 0.0, 0.0, 0.0, 0.0, 0.0, 0.0], [0.0, 161514000648.0, 208967105492.64, -947316748607.64, 0.0, 50342026176.0, 0.0, 114318351108.0, 0.0, 75513039264.0, 0.0, 67122701568.0, 0.0, 134245403136.0, 0.0, 5243961060.0, 0.0, 8390337696.0, 0.0, 0.0, 0.0, 0.0, 0.0, 0.0, 0.0, 0.0, 0.0, 1048792212.0, 2097584424.0, 4195168848.0, 8390337696.0, 16780675392.0, 33561350784.0, 67122701568.0, 134245403136.0, 129001442076.0], [147038707200.0, 0.0, 49649433600.0, 0.0, -898330309342.64, 208967105492.64, 104072851200.0, 0.0, 68745369600.0, 0.0, 61106995200.0, 0.0, 122213990400.0, 0.0, 4773984000.0, 0.0, 7638374400.0, 0.0, 954796800.0, 1909593600.0, 3819187200.0, 7638374400.0, 15276748800.0, 30553497600.0, 61106995200.0, 122213990400.0, 124123584000.0, 0.0, 0.0, 0.0, 0.0, 0.0, 0.0, 0.0, 0.0, 0.0], [0.0, 149089846752.0, 0.0, 50342026176.0, 208967105492.64, -894393086039.64, 0.0, 105524631792.0, 0.0, 69704343936.0, 0.0, 61959416832.0, 0.0, 123918833664.0, 0.0, 4840579440.0, 0.0, 7744927104.0, 0.0, 0.0, 0.0, 0.0, 0.0, 0.0, 0.0, 0.0, 0.0, 968115888.0, 1936231776.0, 3872463552.0, 7744927104.0, 15489854208.0, 30979708416.0, 61959416832.0, 123918833664.0, 119078254224.0], [333900397600.0, 0.0, 112745588800.0, 0.0, 104072851200.0, 0.0, -1642136787487.6401, 208967105492.64, 156109276800.0, 0.0, 138763801600.0, 0.0, 277527603200.0, 0.0, 10840922000.0, 0.0, 17345475200.0, 0.0, 2168184400.0, 4336368800.0, 8672737600.0, 17345475200.0, 34690950400.0, 69381900800.0, 138763801600.0, 277527603200.0, 281863972000.0, 0.0, 0.0, 0.0, 0.0, 0.0, 0.0, 0.0, 0.0, 0.0], [0.0, 338558193666.0, 0.0, 114318351108.0, 0.0, 105524631792.0, 208967105492.64, -1631351052295.6401, 0.0, 158286947688.0, 0.0, 140699509056.0, 0.0, 281399018112.0, 0.0, 10992149145.0, 0.0, 17587438632.0, 0.0, 0.0, 0.0, 0.0, 0.0, 0.0, 0.0, 0.0, 0.0, 2198429829.0, 4396859658.0, 8793719316.0, 17587438632.0, 35174877264.0, 70349754528.0, 140699509056.0, 281399018112.0, 270406868967.0], [220558060800.0, 0.0, 74474150400.0, 0.0, 68745369600.0, 0.0, 156109276800.0, 0.0, -1208639224825.6401, 208967105492.64, 91660492800.0, 0.0, 183320985600.0, 0.0, 7160976000.0, 0.0, 11457561600.0, 0.0, 1432195200.0, 2864390400.0, 5728780800.0, 11457561600.0, 22915123200.0, 45830246400.0, 91660492800.0, 183320985600.0, 186185376000.0, 0.0, 0.0, 0.0, 0.0, 0.0, 0.0, 0.0, 0.0, 0.0], [0.0, 223634770128.0, 0.0, 75513039264.0, 0.0, 69704343936.0, 0.0, 158286947688.0, 208967105492.64, -1202253905906.6401, 0.0, 92939125248.0, 0.0, 185878250496.0, 0.0, 7260869160.0, 0.0, 11617390656.0, 0.0, 0.0, 0.0, 0.0, 0.0, 0.0, 0.0, 0.0, 0.0, 1452173832.0, 2904347664.0, 5808695328.0, 11617390656.0, 23234781312.0, 46469562624.0, 92939125248.0, 185878250496.0, 178617381336.0], [196051609600.0, 0.0, 66199244800.0, 0.0, 61106995200.0, 0.0, 138763801600.0, 0.0, 91660492800.0, 0.0, -1107749042983.6401, 208967105492.64, 162951987200.0, 0.0, 6365312000.0, 0.0, 10184499200.0, 0.0, 1273062400.0, 2546124800.0, 5092249600.0, 10184499200.0, 20368998400.0, 40737996800.0, 81475993600.0, 162951987200.0, 165498112000.0, 0.0, 0.0, 0.0, 0.0, 0.0, 0.0, 0.0, 0.0, 0.0], [0.0, 198786462336.0, 0.0, 67122701568.0, 0.0, 61959416832.0, 0.0, 140699509056.0, 0.0, 92939125248.0, 208967105492.64, -1102215274978.6401, 0.0, 165225111552.0, 0.0, 6454105920.0, 0.0, 10326569472.0, 0.0, 0.0, 0.0, 0.0, 0.0, 0.0, 0.0, 0.0, 0.0, 1290821184.0, 2581642368.0, 5163284736.0, 10326569472.0, 20653138944.0, 41306277888.0, 82612555776.0, 165225111552.0, 158771005632.0], [392103219200.0, 0.0, 132398489600.0, 0.0, 122213990400.0, 0.0, 277527603200.0, 0.0, 183320985600.0, 0.0, 162951987200.0, 0.0, -1843577761549.6401, 208967105492.64, 12730624000.0, 0.0, 20368998400.0, 0.0, 2546124800.0, 5092249600.0, 10184499200.0, 20368998400.0, 40737996800.0, 81475993600.0, 162951987200.0, 325903974400.0, 330996224000.0, 0.0, 0.0, 0.0, 0.0, 0.0, 0.0, 0.0, 0.0, 0.0], [0.0, 397572924672.0, 0.0, 134245403136.0, 0.0, 123918833664.0, 0.0, 281399018112.0, 0.0, 185878250496.0, 0.0, 165225111552.0, 208967105492.64, -1830237109740.6401, 0.0, 12908211840.0, 0.0, 20653138944.0, 0.0, 0.0, 0.0, 0.0, 0.0, 0.0, 0.0, 0.0, 0.0, 2581642368.0, 5163284736.0, 10326569472.0, 20653138944.0, 41306277888.0, 82612555776.0, 165225111552.0, 330450223104.0, 317542011264.0], [15316532000.0, 0.0, 5171816000.0, 0.0, 4773984000.0, 0.0, 10840922000.0, 0.0, 7160976000.0, 0.0, 6365312000.0, 0.0, 12730624000.0, 0.0, -285052463617.64, 208967105492.64, 795664000.0, 0.0, 99458000.0, 198916000.0, 397832000.0, 795664000.0, 1591328000.0, 3182656000.0, 6365312000.0, 12730624000.0, 12929540000.0, 0.0, 0.0, 0.0, 0.0, 0.0, 0.0, 0.0, 0.0, 0.0], [0.0, 15530192370.0, 0.0, 5243961060.0, 0.0, 4840579440.0, 0.0, 10992149145.0, 0.0, 7260869160.0, 0.0, 6454105920.0, 0.0, 12908211840.0, 208967105492.64, -284701995155.64, 0.0, 806763240.0, 0.0, 0.0, 0.0, 0.0, 0.0, 0.0, 0.0, 0.0, 0.0, 100845405.0, 201690810.0, 403381620.0, 806763240.0, 1613526480.0, 3227052960.0, 6454105920.0, 12908211840.0, 12403984815.0], [24506451200.0, 0.0, 8274905600.0, 0.0, 7638374400.0, 0.0, 17345475200.0, 0.0, 11457561600.0, 0.0, 10184499200.0, 0.0, 20368998400.0, 0.0, 795664000.0, 0.0, -330226284765.64, 208967105492.64, 159132800.0, 318265600.0, 636531200.0, 1273062400.0, 2546124800.0, 5092249600.0, 10184499200.0, 20368998400.0, 20687264000.0, 0.0, 0.0, 0.0, 0.0, 0.0, 0.0, 0.0, 0.0, 0.0], [0.0, 24848307792.0, 0.0, 8390337696.0, 0.0, 7744927104.0, 0.0, 17587438632.0, 0.0, 11617390656.0, 0.0, 10326569472.0, 0.0, 20653138944.0, 0.0, 806763240.0, 208967105492.64, -329658874974.64, 0.0, 0.0, 0.0, 0.0, 0.0, 0.0, 0.0, 0.0, 0.0, 161352648.0, 322705296.0, 645410592.0, 1290821184.0, 2581642368.0, 5163284736.0, 10326569472.0, 20653138944.0, 19846375704.0], [3063306400.0, 0.0, 1034363200.0, 0.0, 954796800.0, 0.0, 2168184400.0, 0.0, 1432195200.0, 0.0, 1273062400.0, 0.0, 2546124800.0, 0.0, 99458000.0, 0.0, 159132800.0, 0.0, -15296640400.0, 39783200.0, 79566400.0, 159132800.0, 318265600.0, 636531200.0, 1273062400.0, 2546124800.0, 2585908000.0, 0.0, 0.0, 0.0, 0.0, 0.0, 0.0, 0.0, 0.0, 0.0], [6126612800.0, 0.0, 2068726400.0, 0.0, 1909593600.0, 0.0, 4336368800.0, 0.0, 2864390400.0, 0.0, 2546124800.0, 0.0, 5092249600.0, 0.0, 198916000.0, 0.0, 318265600.0, 0.0, 39783200.0, -30553497600.0, 159132800.0, 318265600.0, 636531200.0, 1273062400.0, 2546124800.0, 5092249600.0, 5171816000.0, 0.0, 0.0, 0.0, 0.0, 0.0, 0.0, 0.0, 0.0, 0.0], [12253225600.0, 0.0, 4137452800.0, 0.0, 3819187200.0, 0.0, 8672737600.0, 0.0, 5728780800.0, 0.0, 5092249600.0, 0.0, 10184499200.0, 0.0, 397832000.0, 0.0, 636531200.0, 0.0, 79566400.0, 159132800.0, -60947862400.0, 636531200.0, 1273062400.0, 2546124800.0, 5092249600.0, 10184499200.0, 10343632000.0, 0.0, 0.0, 0.0, 0.0, 0.0, 0.0, 0.0, 0.0, 0.0], [24506451200.0, 0.0, 8274905600.0, 0.0, 7638374400.0, 0.0, 17345475200.0, 0.0, 11457561600.0, 0.0, 10184499200.0, 0.0, 20368998400.0, 0.0, 795664000.0, 0.0, 1273062400.0, 0.0, 159132800.0, 318265600.0, 636531200.0, -121259193600.0, 2546124800.0, 5092249600.0, 10184499200.0, 20368998400.0, 20687264000.0, 0.0, 0.0, 0.0, 0.0, 0.0, 0.0, 0.0, 0.0, 0.0], [49012902400.0, 0.0, 16549811200.0, 0.0, 15276748800.0, 0.0, 34690950400.0, 0.0, 22915123200.0, 0.0, 20368998400.0, 0.0, 40737996800.0, 0.0, 1591328000.0, 0.0, 2546124800.0, 0.0, 318265600.0, 636531200.0, 1273062400.0, 2546124800.0, -239972262400.0, 10184499200.0, 20368998400.0, 40737996800.0, 41374528000.0, 0.0, 0.0, 0.0, 0.0, 0.0, 0.0, 0.0, 0.0, 0.0], [98025804800.0, 0.0, 33099622400.0, 0.0, 30553497600.0, 0.0, 69381900800.0, 0.0, 45830246400.0, 0.0, 40737996800.0, 0.0, 81475993600.0, 0.0, 3182656000.0, 0.0, 5092249600.0, 0.0, 636531200.0, 1273062400.0, 2546124800.0, 5092249600.0, 10184499200.0, -469760025600.0, 40737996800.0, 81475993600.0, 82749056000.0, 0.0, 0.0, 0.0, 0.0, 0.0, 0.0, 0.0, 0.0, 0.0], [196051609600.0, 0.0, 66199244800.0, 0.0, 61106995200.0, 0.0, 138763801600.0, 0.0, 91660492800.0, 0.0, 81475993600.0, 0.0, 162951987200.0, 0.0, 6365312000.0, 0.0, 10184499200.0, 0.0, 1273062400.0, 2546124800.0, 5092249600.0, 10184499200.0, 20368998400.0, 40737996800.0, -898782054400.0, 162951987200.0, 165498112000.0, 0.0, 0.0, 0.0, 0.0, 0.0, 0.0, 0.0, 0.0, 0.0], [392103219200.0, 0.0, 132398489600.0, 0.0, 122213990400.0, 0.0, 277527603200.0, 0.0, 183320985600.0, 0.0, 162951987200.0, 0.0, 325903974400.0, 0.0, 12730624000.0, 0.0, 20368998400.0, 0.0, 2546124800.0, 5092249600.0, 10184499200.0, 20368998400.0, 40737996800.0, 81475993600.0, 162951987200.0, -1634612121600.0, 330996224000.0, 0.0, 0.0, 0.0, 0.0, 0.0, 0.0, 0.0, 0.0, 0.0], [398229832000.0, 0.0, 134467216000.0, 0.0, 124123584000.0, 0.0, 281863972000.0, 0.0, 186185376000.0, 0.0, 165498112000.0, 0.0, 330996224000.0, 0.0, 12929540000.0, 0.0, 20687264000.0, 0.0, 2585908000.0, 5171816000.0, 10343632000.0, 20687264000.0, 41374528000.0, 82749056000.0, 165498112000.0, 330996224000.0, -1654981120000.0, 0.0, 0.0, 0.0, 0.0, 0.0, 0.0, 0.0, 0.0, 0.0], [0.0, 3106038474.0, 0.0, 1048792212.0, 0.0, 968115888.0, 0.0, 2198429829.0, 0.0, 1452173832.0, 0.0, 1290821184.0, 0.0, 2581642368.0, 0.0, 100845405.0, 0.0, 161352648.0, 0.0, 0.0, 0.0, 0.0, 0.0, 0.0, 0.0, 0.0, 0.0, -15227656155.0, 40338162.0, 80676324.0, 161352648.0, 322705296.0, 645410592.0, 1290821184.0, 2581642368.0, 2480796963.0], [0.0, 6212076948.0, 0.0, 2097584424.0, 0.0, 1936231776.0, 0.0, 4396859658.0, 0.0, 2904347664.0, 0.0, 2581642368.0, 0.0, 5163284736.0, 0.0, 201690810.0, 0.0, 322705296.0, 0.0, 0.0, 0.0, 0.0, 0.0, 0.0, 0.0, 0.0, 0.0, 40338162.0, -30414974148.0, 161352648.0, 322705296.0, 645410592.0, 1290821184.0, 2581642368.0, 5163284736.0, 4961593926.0], [0.0, 12424153896.0, 0.0, 4195168848.0, 0.0, 3872463552.0, 0.0, 8793719316.0, 0.0, 5808695328.0, 0.0, 5163284736.0, 0.0, 10326569472.0, 0.0, 403381620.0, 0.0, 645410592.0, 0.0, 0.0, 0.0, 0.0, 0.0, 0.0, 0.0, 0.0, 0.0, 80676324.0, 161352648.0, -60668595648.0, 645410592.0, 1290821184.0, 2581642368.0, 5163284736.0, 10326569472.0, 9923187852.0], [0.0, 24848307792.0, 0.0, 8390337696.0, 0.0, 7744927104.0, 0.0, 17587438632.0, 0.0, 11617390656.0, 0.0, 10326569472.0, 0.0, 20653138944.0, 0.0, 806763240.0, 0.0, 1290821184.0, 0.0, 0.0, 0.0, 0.0, 0.0, 0.0, 0.0, 0.0, 0.0, 161352648.0, 322705296.0, 645410592.0, -120691780704.0, 2581642368.0, 5163284736.0, 10326569472.0, 20653138944.0, 19846375704.0], [0.0, 49696615584.0, 0.0, 16780675392.0, 0.0, 15489854208.0, 0.0, 35174877264.0, 0.0, 23234781312.0, 0.0, 20653138944.0, 0.0, 41306277888.0, 0.0, 1613526480.0, 0.0, 2581642368.0, 0.0, 0.0, 0.0, 0.0, 0.0, 0.0, 0.0, 0.0, 0.0, 322705296.0, 645410592.0, 1290821184.0, 2581642368.0, -238801919040.0, 10326569472.0, 20653138944.0, 41306277888.0, 39692751408.0], [0.0, 99393231168.0, 0.0, 33561350784.0, 0.0, 30979708416.0, 0.0, 70349754528.0, 0.0, 46469562624.0, 0.0, 41306277888.0, 0.0, 82612555776.0, 0.0, 3227052960.0, 0.0, 5163284736.0, 0.0, 0.0, 0.0, 0.0, 0.0, 0.0, 0.0, 0.0, 0.0, 645410592.0, 1290821184.0, 2581642368.0, 5163284736.0, 10326569472.0, -467277268608.0, 41306277888.0, 82612555776.0, 79385502816.0], [0.0, 198786462336.0, 0.0, 67122701568.0, 0.0, 61959416832.0, 0.0, 140699509056.0, 0.0, 92939125248.0, 0.0, 82612555776.0, 0.0, 165225111552.0, 0.0, 6454105920.0, 0.0, 10326569472.0, 0.0, 0.0, 0.0, 0.0, 0.0, 0.0, 0.0, 0.0, 0.0, 1290821184.0, 2581642368.0, 5163284736.0, 10326569472.0, 20653138944.0, 41306277888.0, -893248259328.0, 165225111552.0, 158771005632.0], [0.0, 397572924672.0, 0.0, 134245403136.0, 0.0, 123918833664.0, 0.0, 281399018112.0, 0.0, 185878250496.0, 0.0, 165225111552.0, 0.0, 330450223104.0, 0.0, 12908211840.0, 0.0, 20653138944.0, 0.0, 0.0, 0.0, 0.0, 0.0, 0.0, 0.0, 0.0, 0.0, 2581642368.0, 5163284736.0, 10326569472.0, 20653138944.0, 41306277888.0, 82612555776.0, 165225111552.0, -1621271407104.0, 317542011264.0], [0.0, 382042732302.0, 0.0, 129001442076.0, 0.0, 119078254224.0, 0.0, 270406868967.0, 0.0, 178617381336.0, 0.0, 158771005632.0, 0.0, 317542011264.0, 0.0, 12403984815.0, 0.0, 19846375704.0, 0.0, 0.0, 0.0, 0.0, 0.0, 0.0, 0.0, 0.0, 0.0, 2480796963.0, 4961593926.0, 9923187852.0, 19846375704.0, 39692751408.0, 79385502816.0, 158771005632.0, 317542011264.0, -1570344477579.0]]"
  },
  "variable_mappings": [
    {
      "machine_id": 24,
      "machine_name_convenience_only": "GP260",
      "dieset_id": 5,
      "dieset_number_convenience_only": "4984449, 4984462",
      "variable_id": 0,
      "variable_name_convenience_only": "md_GP260_4984449, 4984462"
    },
    {
      "machine_id": 27,
      "machine_name_convenience_only": "GP640",
      "dieset_id": 5,
      "dieset_number_convenience_only": "4984449, 4984462",
      "variable_id": 1,
      "variable_name_convenience_only": "md_GP640_4984449, 4984462"
    },
    {
      "machine_id": 24,
      "machine_name_convenience_only": "GP260",
      "dieset_id": 4,
      "dieset_number_convenience_only": "4984449, 5031550",
      "variable_id": 2,
      "variable_name_convenience_only": "md_GP260_4984449, 5031550"
    },
    {
      "machine_id": 27,
      "machine_name_convenience_only": "GP640",
      "dieset_id": 4,
      "dieset_number_convenience_only": "4984449, 5031550",
      "variable_id": 3,
      "variable_name_convenience_only": "md_GP640_4984449, 5031550"
    },
    {
      "machine_id": 24,
      "machine_name_convenience_only": "GP260",
      "dieset_id": 1,
      "dieset_number_convenience_only": "4985498",
      "variable_id": 4,
      "variable_name_convenience_only": "md_GP260_4985498"
    },
    {
      "machine_id": 27,
      "machine_name_convenience_only": "GP640",
      "dieset_id": 1,
      "dieset_number_convenience_only": "4985498",
      "variable_id": 5,
      "variable_name_convenience_only": "md_GP640_4985498"
    },
    {
      "machine_id": 24,
      "machine_name_convenience_only": "GP260",
      "dieset_id": 2,
      "dieset_number_convenience_only": "5090393",
      "variable_id": 6,
      "variable_name_convenience_only": "md_GP260_5090393"
    },
    {
      "machine_id": 27,
      "machine_name_convenience_only": "GP640",
      "dieset_id": 2,
      "dieset_number_convenience_only": "5090393",
      "variable_id": 7,
      "variable_name_convenience_only": "md_GP640_5090393"
    },
    {
      "machine_id": 24,
      "machine_name_convenience_only": "GP260",
      "dieset_id": 17,
      "dieset_number_convenience_only": "5101959",
      "variable_id": 8,
      "variable_name_convenience_only": "md_GP260_5101959"
    },
    {
      "machine_id": 27,
      "machine_name_convenience_only": "GP640",
      "dieset_id": 17,
      "dieset_number_convenience_only": "5101959",
      "variable_id": 9,
      "variable_name_convenience_only": "md_GP640_5101959"
    },
    {
      "machine_id": 24,
      "machine_name_convenience_only": "GP260",
      "dieset_id": 19,
      "dieset_number_convenience_only": "5102992",
      "variable_id": 10,
      "variable_name_convenience_only": "md_GP260_5102992"
    },
    {
      "machine_id": 27,
      "machine_name_convenience_only": "GP640",
      "dieset_id": 19,
      "dieset_number_convenience_only": "5102992",
      "variable_id": 11,
      "variable_name_convenience_only": "md_GP640_5102992"
    },
    {
      "machine_id": 24,
      "machine_name_convenience_only": "GP260",
      "dieset_id": 8,
      "dieset_number_convenience_only": "5103015",
      "variable_id": 12,
      "variable_name_convenience_only": "md_GP260_5103015"
    },
    {
      "machine_id": 27,
      "machine_name_convenience_only": "GP640",
      "dieset_id": 8,
      "dieset_number_convenience_only": "5103015",
      "variable_id": 13,
      "variable_name_convenience_only": "md_GP640_5103015"
    },
    {
      "machine_id": 24,
      "machine_name_convenience_only": "GP260",
      "dieset_id": 6,
      "dieset_number_convenience_only": "5448237",
      "variable_id": 14,
      "variable_name_convenience_only": "md_GP260_5448237"
    },
    {
      "machine_id": 27,
      "machine_name_convenience_only": "GP640",
      "dieset_id": 6,
      "dieset_number_convenience_only": "5448237",
      "variable_id": 15,
      "variable_name_convenience_only": "md_GP640_5448237"
    },
    {
      "machine_id": 24,
      "machine_name_convenience_only": "GP260",
      "dieset_id": 0,
      "dieset_number_convenience_only": "5457220",
      "variable_id": 16,
      "variable_name_convenience_only": "md_GP260_5457220"
    },
    {
      "machine_id": 27,
      "machine_name_convenience_only": "GP640",
      "dieset_id": 0,
      "dieset_number_convenience_only": "5457220",
      "variable_id": 17,
      "variable_name_convenience_only": "md_GP640_5457220"
    }
  ],
  "model": {
    "dieset_choices": [
      {
        "dieset_id": 13,
        "dieset_number": "3002866",
        "machine_choices": [
          {
            "choice_name": "Put Dieset 3002866 on machine GP260",
            "machine": {
              "machine_id": 24,
              "machine_name": "GP260",
              "max_capacity_hours_per_timeslice": 1441.021318231937,
              "max_capacity_constraint": {
                "constraint_name": "Max Capacity Machine GP260",
                "weight": 1.0
              },
              "cost_reallocation_euro": 10000.0
            },
            "work_required_hours": 16.494873808587574,
            "work_cost": 29872.2164673521,
            "transport_cost": 0.0,
            "transport_costs_breakdown": [
              {
                "location_id": 2,
                "location_name": "Dingolfing",
                "truckloads": 12.0,
                "transport_rate_euro_per_truck_per_km": 999.0,
                "distance_km": 0.0,
                "costs": 0.0
              }
            ]
          }
        ],
        "assign_exactly_once_constraint": null
      },
      {
        "dieset_id": 14,
        "dieset_number": "3002878",
        "machine_choices": [
          {
            "choice_name": "Put Dieset 3002878 on machine GP260",
            "machine": {
              "machine_id": 24,
              "machine_name": "GP260",
              "max_capacity_hours_per_timeslice": 1441.021318231937,
              "max_capacity_constraint": {
                "constraint_name": "Max Capacity Machine GP260",
                "weight": 1.0
              },
              "cost_reallocation_euro": 10000.0
            },
            "work_required_hours": 15.959502279928897,
            "work_cost": 28902.65862895123,
            "transport_cost": 0.0,
            "transport_costs_breakdown": [
              {
                "location_id": 2,
                "location_name": "Dingolfing",
                "truckloads": 6.0,
                "transport_rate_euro_per_truck_per_km": 999.0,
                "distance_km": 0.0,
                "costs": 0.0
              }
            ]
          }
        ],
        "assign_exactly_once_constraint": null
      },
      {
        "dieset_id": 18,
        "dieset_number": "3002931",
        "machine_choices": [
          {
            "choice_name": "Put Dieset 3002931 on machine GP260",
            "machine": {
              "machine_id": 24,
              "machine_name": "GP260",
              "max_capacity_hours_per_timeslice": 1441.021318231937,
              "max_capacity_constraint": {
                "constraint_name": "Max Capacity Machine GP260",
                "weight": 1.0
              },
              "cost_reallocation_euro": 10000.0
            },
            "work_required_hours": 15.61413059915918,
            "work_cost": 28277.190515077276,
            "transport_cost": 0.0,
            "transport_costs_breakdown": [
              {
                "location_id": 2,
                "location_name": "Dingolfing",
                "truckloads": 31.0,
                "transport_rate_euro_per_truck_per_km": 999.0,
                "distance_km": 0.0,
                "costs": 0.0
              }
            ]
          }
        ],
        "assign_exactly_once_constraint": null
      },
      {
        "dieset_id": 11,
        "dieset_number": "3002943",
        "machine_choices": [
          {
            "choice_name": "Put Dieset 3002943 on machine GP260",
            "machine": {
              "machine_id": 24,
              "machine_name": "GP260",
              "max_capacity_hours_per_timeslice": 1441.021318231937,
              "max_capacity_constraint": {
                "constraint_name": "Max Capacity Machine GP260",
                "weight": 1.0
              },
              "cost_reallocation_euro": 10000.0
            },
            "work_required_hours": 16.431924882629104,
            "work_cost": 29758.215962441307,
            "transport_cost": 0.0,
            "transport_costs_breakdown": [
              {
                "location_id": 2,
                "location_name": "Dingolfing",
                "truckloads": 31.0,
                "transport_rate_euro_per_truck_per_km": 999.0,
                "distance_km": 0.0,
                "costs": 0.0
              }
            ]
          }
        ],
        "assign_exactly_once_constraint": null
      },
      {
        "dieset_id": 21,
        "dieset_number": "3003468",
        "machine_choices": [
          {
            "choice_name": "Put Dieset 3003468 on machine GP260",
            "machine": {
              "machine_id": 24,
              "machine_name": "GP260",
              "max_capacity_hours_per_timeslice": 1441.021318231937,
              "max_capacity_constraint": {
                "constraint_name": "Max Capacity Machine GP260",
                "weight": 1.0
              },
              "cost_reallocation_euro": 10000.0
            },
            "work_required_hours": 24.59894727551633,
            "work_cost": 44548.69351596008,
            "transport_cost": 0.0,
            "transport_costs_breakdown": [
              {
                "location_id": 2,
                "location_name": "Dingolfing",
                "truckloads": 78.0,
                "transport_rate_euro_per_truck_per_km": 999.0,
                "distance_km": 0.0,
                "costs": 0.0
              }
            ]
          }
        ],
        "assign_exactly_once_constraint": null
      },
      {
        "dieset_id": 20,
        "dieset_number": "3003701",
        "machine_choices": [
          {
            "choice_name": "Put Dieset 3003701 on machine GP260",
            "machine": {
              "machine_id": 24,
              "machine_name": "GP260",
              "max_capacity_hours_per_timeslice": 1441.021318231937,
              "max_capacity_constraint": {
                "constraint_name": "Max Capacity Machine GP260",
                "weight": 1.0
              },
              "cost_reallocation_euro": 10000.0
            },
            "work_required_hours": 24.703562685494223,
            "work_cost": 44738.15202343003,
            "transport_cost": 0.0,
            "transport_costs_breakdown": [
              {
                "location_id": 2,
                "location_name": "Dingolfing",
                "truckloads": 22.0,
                "transport_rate_euro_per_truck_per_km": 999.0,
                "distance_km": 0.0,
                "costs": 0.0
              }
            ]
          }
        ],
        "assign_exactly_once_constraint": null
      },
      {
        "dieset_id": 15,
        "dieset_number": "4980181",
        "machine_choices": [
          {
            "choice_name": "Put Dieset 4980181 on machine GP260",
            "machine": {
              "machine_id": 24,
              "machine_name": "GP260",
              "max_capacity_hours_per_timeslice": 1441.021318231937,
              "max_capacity_constraint": {
                "constraint_name": "Max Capacity Machine GP260",
                "weight": 1.0
              },
              "cost_reallocation_euro": 10000.0
            },
            "work_required_hours": 126.70397256233355,
            "work_cost": 229460.89431038604,
            "transport_cost": 0.0,
            "transport_costs_breakdown": [
              {
                "location_id": 2,
                "location_name": "Dingolfing",
                "truckloads": 182.0,
                "transport_rate_euro_per_truck_per_km": 999.0,
                "distance_km": 0.0,
                "costs": 0.0
              }
            ]
          }
        ],
        "assign_exactly_once_constraint": null
      },
      {
        "dieset_id": 10,
        "dieset_number": "4983105",
        "machine_choices": [
          {
            "choice_name": "Put Dieset 4983105 on machine GP260",
            "machine": {
              "machine_id": 24,
              "machine_name": "GP260",
              "max_capacity_hours_per_timeslice": 1441.021318231937,
              "max_capacity_constraint": {
                "constraint_name": "Max Capacity Machine GP260",
                "weight": 1.0
              },
              "cost_reallocation_euro": 10000.0
            },
            "work_required_hours": 58.102977097390514,
            "work_cost": 105224.4915233742,
            "transport_cost": 0.0,
            "transport_costs_breakdown": [
              {
                "location_id": 2,
                "location_name": "Dingolfing",
                "truckloads": 38.0,
                "transport_rate_euro_per_truck_per_km": 999.0,
                "distance_km": 0.0,
                "costs": 0.0
              }
            ]
          }
        ],
        "assign_exactly_once_constraint": null
      },
      {
        "dieset_id": 3,
        "dieset_number": "4984418",
        "machine_choices": [
          {
            "choice_name": "Put Dieset 4984418 on machine GP260",
            "machine": {
              "machine_id": 24,
              "machine_name": "GP260",
              "max_capacity_hours_per_timeslice": 1441.021318231937,
              "max_capacity_constraint": {
                "constraint_name": "Max Capacity Machine GP260",
                "weight": 1.0
              },
              "cost_reallocation_euro": 10000.0
            },
            "work_required_hours": 254.79478776529336,
            "work_cost": 461433.3606429463,
            "transport_cost": 127573.04000000001,
            "transport_costs_breakdown": [
              {
                "location_id": 26,
                "location_name": "MSF",
                "truckloads": 188.0,
                "transport_rate_euro_per_truck_per_km": 1.31,
                "distance_km": 518.0,
                "costs": 127573.04000000001
              },
              {
                "location_id": 2,
                "location_name": "Dingolfing",
                "truckloads": 358.0,
                "transport_rate_euro_per_truck_per_km": 999.0,
                "distance_km": 0.0,
                "costs": 0.0
              }
            ]
          }
        ],
        "assign_exactly_once_constraint": null
      },
      {
        "dieset_id": 5,
        "dieset_number": "4984449, 4984462",
        "machine_choices": [
          {
            "choice_name": "Put Dieset 4984449, 4984462 on machine GP260",
            "machine": {
              "machine_id": 24,
              "machine_name": "GP260",
              "max_capacity_hours_per_timeslice": 1441.021318231937,
              "max_capacity_constraint": {
                "constraint_name": "Max Capacity Machine GP260",
                "weight": 1.0
              },
              "cost_reallocation_euro": 10000.0
            },
            "work_required_hours": 153.57266466084454,
            "work_cost": 278120.0957007895,
            "transport_cost": 23071.72,
            "transport_costs_breakdown": [
              {
                "location_id": 26,
                "location_name": "MSF",
                "truckloads": 34.0,
                "transport_rate_euro_per_truck_per_km": 1.31,
                "distance_km": 518.0,
                "costs": 23071.72
              },
              {
                "location_id": 2,
                "location_name": "Dingolfing",
                "truckloads": 42.0,
                "transport_rate_euro_per_truck_per_km": 999.0,
                "distance_km": 0.0,
                "costs": 0.0
              }
            ]
          },
          {
            "choice_name": "Put Dieset 4984449, 4984462 on machine GP640",
            "machine": {
              "machine_id": 27,
              "machine_name": "GP640",
              "max_capacity_hours_per_timeslice": 378.76004395494374,
              "max_capacity_constraint": {
                "constraint_name": "Max Capacity Machine GP640",
                "weight": 1.0
              },
              "cost_reallocation_euro": 10000.0
            },
            "work_required_hours": 153.57266466084454,
            "work_cost": 215923.16651314741,
            "transport_cost": 21484.06,
            "transport_costs_breakdown": [
              {
                "location_id": 26,
                "location_name": "MSF",
                "truckloads": 34.0,
                "transport_rate_euro_per_truck_per_km": 1.31,
                "distance_km": 389.0,
                "costs": 17326.06
              },
              {
                "location_id": 2,
                "location_name": "Dingolfing",
                "truckloads": 42.0,
                "transport_rate_euro_per_truck_per_km": 1.32,
                "distance_km": 75.0,
                "costs": 4158.0
              }
            ]
          }
        ],
        "assign_exactly_once_constraint": null
      },
      {
        "dieset_id": 4,
        "dieset_number": "4984449, 5031550",
        "machine_choices": [
          {
            "choice_name": "Put Dieset 4984449, 5031550 on machine GP260",
            "machine": {
              "machine_id": 24,
              "machine_name": "GP260",
              "max_capacity_hours_per_timeslice": 1441.021318231937,
              "max_capacity_constraint": {
                "constraint_name": "Max Capacity Machine GP260",
                "weight": 1.0
              },
              "cost_reallocation_euro": 10000.0
            },
            "work_required_hours": 51.17740636052053,
            "work_cost": 92682.28291890267,
            "transport_cost": 0.0,
            "transport_costs_breakdown": [
              {
                "location_id": 2,
                "location_name": "Dingolfing",
                "truckloads": 22.0,
                "transport_rate_euro_per_truck_per_km": 999.0,
                "distance_km": 0.0,
                "costs": 0.0
              }
            ]
          },
          {
            "choice_name": "Put Dieset 4984449, 5031550 on machine GP640",
            "machine": {
              "machine_id": 27,
              "machine_name": "GP640",
              "max_capacity_hours_per_timeslice": 378.76004395494374,
              "max_capacity_constraint": {
                "constraint_name": "Max Capacity Machine GP640",
                "weight": 1.0
              },
              "cost_reallocation_euro": 10000.0
            },
            "work_required_hours": 51.17740636052053,
            "work_cost": 71955.43334289188,
            "transport_cost": 2178.0,
            "transport_costs_breakdown": [
              {
                "location_id": 2,
                "location_name": "Dingolfing",
                "truckloads": 22.0,
                "transport_rate_euro_per_truck_per_km": 1.32,
                "distance_km": 75.0,
                "costs": 2178.0
              }
            ]
          }
        ],
        "assign_exactly_once_constraint": null
      },
      {
        "dieset_id": 16,
        "dieset_number": "4985467",
        "machine_choices": [
          {
            "choice_name": "Put Dieset 4985467 on machine GP260",
            "machine": {
              "machine_id": 24,
              "machine_name": "GP260",
              "max_capacity_hours_per_timeslice": 1441.021318231937,
              "max_capacity_constraint": {
                "constraint_name": "Max Capacity Machine GP260",
                "weight": 1.0
              },
              "cost_reallocation_euro": 10000.0
            },
            "work_required_hours": 68.24865701538742,
            "work_cost": 123598.31785486662,
            "transport_cost": 0.0,
            "transport_costs_breakdown": [
              {
                "location_id": 2,
                "location_name": "Dingolfing",
                "truckloads": 250.0,
                "transport_rate_euro_per_truck_per_km": 999.0,
                "distance_km": 0.0,
                "costs": 0.0
              }
            ]
          }
        ],
        "assign_exactly_once_constraint": null
      },
      {
        "dieset_id": 22,
        "dieset_number": "4985478",
        "machine_choices": [
          {
            "choice_name": "Put Dieset 4985478 on machine GP260",
            "machine": {
              "machine_id": 24,
              "machine_name": "GP260",
              "max_capacity_hours_per_timeslice": 1441.021318231937,
              "max_capacity_constraint": {
                "constraint_name": "Max Capacity Machine GP260",
                "weight": 1.0
              },
              "cost_reallocation_euro": 10000.0
            },
            "work_required_hours": 65.75824966334619,
            "work_cost": 119088.19014031996,
            "transport_cost": 0.0,
            "transport_costs_breakdown": [
              {
                "location_id": 2,
                "location_name": "Dingolfing",
                "truckloads": 250.0,
                "transport_rate_euro_per_truck_per_km": 999.0,
                "distance_km": 0.0,
                "costs": 0.0
              }
            ]
          }
        ],
        "assign_exactly_once_constraint": null
      },
      {
        "dieset_id": 1,
        "dieset_number": "4985498",
        "machine_choices": [
          {
            "choice_name": "Put Dieset 4985498 on machine GP260",
            "machine": {
              "machine_id": 24,
              "machine_name": "GP260",
              "max_capacity_hours_per_timeslice": 1441.021318231937,
              "max_capacity_constraint": {
                "constraint_name": "Max Capacity Machine GP260",
                "weight": 1.0
              },
              "cost_reallocation_euro": 10000.0
            },
            "work_required_hours": 47.349902561818766,
            "work_cost": 85750.67353945378,
            "transport_cost": 0.0,
            "transport_costs_breakdown": [
              {
                "location_id": 2,
                "location_name": "Dingolfing",
                "truckloads": 16.0,
                "transport_rate_euro_per_truck_per_km": 999.0,
                "distance_km": 0.0,
                "costs": 0.0
              }
            ]
          },
          {
            "choice_name": "Put Dieset 4985498 on machine GP640",
            "machine": {
              "machine_id": 27,
              "machine_name": "GP640",
              "max_capacity_hours_per_timeslice": 378.76004395494374,
              "max_capacity_constraint": {
                "constraint_name": "Max Capacity Machine GP640",
                "weight": 1.0
              },
