{
  "qubo": {
    "id": 0,
    "name": "Model",
    "variables": [
      {
        "id": 0,
        "name": "0",
        "slack": false
      },
      {
        "id": 1,
        "name": "1",
        "slack": false
      },
      {
        "id": 2,
        "name": "2",
        "slack": false
      },
      {
        "id": 3,
        "name": "3",
        "slack": false
      },
      {
        "id": 4,
        "name": "4",
        "slack": false
      },
      {
        "id": 5,
        "name": "5",
        "slack": false
      },
      {
        "id": 6,
        "name": "6",
        "slack": false
      },
      {
        "id": 7,
        "name": "7",
        "slack": false
      },
      {
        "id": 8,
        "name": "8",
        "slack": false
      },
      {
        "id": 9,
        "name": "9",
        "slack": false
      },
      {
        "id": 10,
        "name": "10",
        "slack": false
      },
      {
        "id": 11,
        "name": "11",
        "slack": false
      },
      {
        "id": 12,
        "name": "12",
        "slack": false
      },
      {
        "id": 13,
        "name": "13",
        "slack": false
      },
      {
        "id": 14,
        "name": "14",
        "slack": false
      },
      {
        "id": 15,
        "name": "15",
        "slack": false
      },
      {
        "id": 16,
        "name": "16",
        "slack": false
      },
      {
        "id": 17,
        "name": "17",
        "slack": false
      },
      {
        "id": 18,
        "name": "18",
        "slack": false
      },
      {
        "id": 19,
        "name": "19",
        "slack": false
      },
      {
        "id": 20,
        "name": "20",
        "slack": false
      },
      {
        "id": 21,
        "name": "21",
        "slack": false
      },
      {
        "id": 22,
        "name": "22",
        "slack": false
      },
      {
        "id": 23,
        "name": "23",
        "slack": false
      },
      {
        "id": 24,
        "name": "24",
        "slack": false
      },
      {
        "id": 25,
        "name": "25",
        "slack": false
      },
      {
        "id": 26,
        "name": "26",
        "slack": false
      },
      {
        "id": 27,
        "name": "27",
        "slack": false
      },
      {
        "id": 28,
        "name": "28",
        "slack": false
      },
      {
        "id": 29,
        "name": "29",
        "slack": false
      },
      {
        "id": 30,
        "name": "30",
        "slack": false
      },
      {
        "id": 31,
        "name": "31",
        "slack": false
      },
      {
        "id": 32,
        "name": "32",
        "slack": false
      },
      {
        "id": 33,
        "name": "33",
        "slack": false
      },
      {
        "id": 34,
        "name": "34",
        "slack": false
      },
      {
        "id": 35,
        "name": "35",
        "slack": false
      },
      {
        "id": 36,
        "name": "36",
        "slack": false
      },
      {
        "id": 37,
        "name": "37",
        "slack": false
      },
      {
        "id": 38,
        "name": "capacity_constraint_machine_24@int_slack@0",
        "slack": true
      },
      {
        "id": 39,
        "name": "capacity_constraint_machine_24@int_slack@1",
        "slack": true
      },
      {
        "id": 40,
        "name": "capacity_constraint_machine_24@int_slack@2",
        "slack": true
      },
      {
        "id": 41,
        "name": "capacity_constraint_machine_24@int_slack@3",
        "slack": true
      },
      {
        "id": 42,
        "name": "capacity_constraint_machine_24@int_slack@4",
        "slack": true
      },
      {
        "id": 43,
        "name": "capacity_constraint_machine_24@int_slack@5",
        "slack": true
      },
      {
        "id": 44,
        "name": "capacity_constraint_machine_24@int_slack@6",
        "slack": true
      },
      {
        "id": 45,
        "name": "capacity_constraint_machine_24@int_slack@7",
        "slack": true
      },
      {
        "id": 46,
        "name": "capacity_constraint_machine_24@int_slack@8",
        "slack": true
      },
      {
        "id": 47,
        "name": "capacity_constraint_machine_24@int_slack@9",
        "slack": true
      },
      {
        "id": 48,
        "name": "capacity_constraint_machine_24@int_slack@10",
        "slack": true
      },
      {
        "id": 49,
        "name": "capacity_constraint_machine_27@int_slack@0",
        "slack": true
      },
      {
        "id": 50,
        "name": "capacity_constraint_machine_27@int_slack@1",
        "slack": true
      },
      {
        "id": 51,
        "name": "capacity_constraint_machine_27@int_slack@2",
        "slack": true
      },
      {
        "id": 52,
        "name": "capacity_constraint_machine_27@int_slack@3",
        "slack": true
      },
      {
        "id": 53,
        "name": "capacity_constraint_machine_27@int_slack@4",
        "slack": true
      },
      {
        "id": 54,
        "name": "capacity_constraint_machine_27@int_slack@5",
        "slack": true
      },
      {
        "id": 55,
        "name": "capacity_constraint_machine_27@int_slack@6",
        "slack": true
      },
      {
        "id": 56,
        "name": "capacity_constraint_machine_27@int_slack@7",
        "slack": true
      },
      {
        "id": 57,
        "name": "capacity_constraint_machine_27@int_slack@8",
        "slack": true
      },
      {
        "id": 58,
        "name": "capacity_constraint_machine_27@int_slack@9",
        "slack": true
      },
      {
        "id": 59,
        "name": "capacity_constraint_machine_27@int_slack@10",
        "slack": true
      }
    ],
    "constant": 847238396361908.0,
    "matrix": "[[-47174052165274.0, 42114947097609.0, 128705224648.0, 0.0, 118804822752.0, 0.0, 269785951666.0, 0.0, 178207234128.0, 0.0, 158406430336.0, 0.0, 316812860672.0, 0.0, 12375502370.0, 0.0, 19800803792.0, 0.0, 423242181054.0, 0.0, 200483138394.0, 0.0, 579173510916.0, 0.0, 1051917701450.0, 0.0, 272261052140.0, 0.0, 287111654984.0, 0.0, 321763061620.0, 0.0, 116329722278.0, 0.0, 160881530810.0, 0.0, 297012056880.0, 0.0, 2475100474.0, 4950200948.0, 9900401896.0, 19800803792.0, 39601607584.0, 79203215168.0, 158406430336.0, 316812860672.0, 633625721344.0, 1267251442688.0, 188107636024.0, 0.0, 0.0, 0.0, 0.0, 0.0, 0.0, 0.0, 0.0, 0.0, 0.0, 0.0], [42114947097609.0, -47653163747174.0, 0.0, 104418882568.0, 0.0, 96386660832.0, 0.0, 218878042306.0, 0.0, 144579991248.0, 0.0, 128515547776.0, 0.0, 257031095552.0, 0.0, 10040277170.0, 0.0, 16064443472.0, 0.0, 343377479214.0, 0.0, 162652490154.0, 0.0, 469884971556.0, 0.0, 853423559450.0, 0.0, 220886097740.0, 0.0, 232934430344.0, 0.0, 261047206420.0, 0.0, 94378605398.0, 0.0, 130523603210.0, 0.0, 240966652080.0, 0.0, 0.0, 0.0, 0.0, 0.0, 0.0, 0.0, 0.0, 0.0, 0.0, 0.0, 2008055434.0, 4016110868.0, 8032221736.0, 16064443472.0, 32128886944.0, 64257773888.0, 128515547776.0, 257031095552.0, 514062191104.0, 1028124382208.0, 869488002922.0], [128705224648.0, 0.0, -43908462667879.0, 42114947097609.0, 40115914176.0, 0.0, 91096555108.0, 0.0, 60173871264.0, 0.0, 53487885568.0, 0.0, 106975771136.0, 0.0, 4178741060.0, 0.0, 6685985696.0, 0.0, 142912944252.0, 0.0, 67695605172.0, 0.0, 195565081608.0, 0.0, 355192990100.0, 0.0, 91932303320.0, 0.0, 96946792592.0, 0.0, 108647267560.0, 0.0, 39280165964.0, 0.0, 54323633780.0, 0.0, 100289785440.0, 0.0, 835748212.0, 1671496424.0, 3342992848.0, 6685985696.0, 13371971392.0, 26743942784.0, 53487885568.0, 106975771136.0, 213951542272.0, 427903084544.0, 63516864112.0, 0.0, 0.0, 0.0, 0.0, 0.0, 0.0, 0.0, 0.0, 0.0, 0.0, 0.0], [0.0, 104418882568.0, 42114947097609.0, -44054154842596.0, 0.0, 32546145216.0, 0.0, 73906871428.0, 0.0, 48819217824.0, 0.0, 43394860288.0, 0.0, 86789720576.0, 0.0, 3390223460.0, 0.0, 5424357536.0, 0.0, 115945642332.0, 0.0, 54921620052.0, 0.0, 158662457928.0, 0.0, 288168994100.0, 0.0, 74584916120.0, 0.0, 78653184272.0, 0.0, 88145809960.0, 0.0, 31868100524.0, 0.0, 44072904980.0, 0.0, 81365363040.0, 0.0, 0.0, 0.0, 0.0, 0.0, 0.0, 0.0, 0.0, 0.0, 0.0, 0.0, 678044692.0, 1356089384.0, 2712178768.0, 5424357536.0, 10848715072.0, 21697430144.0, 43394860288.0, 86789720576.0, 173579441152.0, 347158882304.0, 293593351636.0], [118804822752.0, 0.0, 40115914176.0, 0.0, -43773585771059.0, 42114947097609.0, 84089127792.0, 0.0, 55545111936.0, 0.0, 49373432832.0, 0.0, 98746865664.0, 0.0, 3857299440.0, 0.0, 6171679104.0, 0.0, 131919640848.0, 0.0, 62488250928.0, 0.0, 180521613792.0, 0.0, 327870452400.0, 0.0, 84860587680.0, 0.0, 89489347008.0, 0.0, 100289785440.0, 0.0, 36258614736.0, 0.0, 50144892720.0, 0.0, 92575186560.0, 0.0, 771459888.0, 1542919776.0, 3085839552.0, 6171679104.0, 12343358208.0, 24686716416.0, 49373432832.0, 98746865664.0, 197493731328.0, 394987462656.0, 58630951488.0, 0.0, 0.0, 0.0, 0.0, 0.0, 0.0, 0.0, 0.0, 0.0, 0.0, 0.0], [0.0, 96386660832.0, 0.0, 32546145216.0, 42114947097609.0, -43907488565964.0, 0.0, 68221727472.0, 0.0, 45063893376.0, 0.0, 40056794112.0, 0.0, 80113588224.0, 0.0, 3129437040.0, 0.0, 5007099264.0, 0.0, 107026746768.0, 0.0, 50696880048.0, 0.0, 146457653472.0, 0.0, 266002148400.0, 0.0, 68847614880.0, 0.0, 72602939328.0, 0.0, 81365363040.0, 0.0, 29416708176.0, 0.0, 40682681520.0, 0.0, 75106488960.0, 0.0, 0.0, 0.0, 0.0, 0.0, 0.0, 0.0, 0.0, 0.0, 0.0, 0.0, 625887408.0, 1251774816.0, 2503549632.0, 5007099264.0, 10014198528.0, 20028397056.0, 40056794112.0, 80113588224.0, 160227176448.0, 320454352896.0, 271009247664.0], [269785951666.0, 0.0, 91096555108.0, 0.0, 84089127792.0, 0.0, -45774575806985.0, 42114947097609.0, 126133691688.0, 0.0, 112118837056.0, 0.0, 224237674112.0, 0.0, 8759284145.0, 0.0, 14014854632.0, 0.0, 299567517759.0, 0.0, 141900403149.0, 0.0, 409934497986.0, 0.0, 744539152325.0, 0.0, 192704251190.0, 0.0, 203215392164.0, 0.0, 227741387770.0, 0.0, 82337270963.0, 0.0, 113870693885.0, 0.0, 210222819480.0, 0.0, 1751856829.0, 3503713658.0, 7007427316.0, 14014854632.0, 28029709264.0, 56059418528.0, 112118837056.0, 224237674112.0, 448475348224.0, 896950696448.0, 133141119004.0, 0.0, 0.0, 0.0, 0.0, 0.0, 0.0, 0.0, 0.0, 0.0, 0.0, 0.0], [0.0, 218878042306.0, 0.0, 73906871428.0, 0.0, 68221727472.0, 42114947097609.0, -46098811572216.0, 0.0, 102332591208.0, 0.0, 90962303296.0, 0.0, 181924606592.0, 0.0, 7106429945.0, 0.0, 11370287912.0, 0.0, 243039904119.0, 0.0, 115124165109.0, 0.0, 332580921426.0, 0.0, 604046545325.0, 0.0, 156341458790.0, 0.0, 164869174724.0, 0.0, 184767178570.0, 0.0, 66800441483.0, 0.0, 92383589285.0, 0.0, 170554318680.0, 0.0, 0.0, 0.0, 0.0, 0.0, 0.0, 0.0, 0.0, 0.0, 0.0, 0.0, 1421285989.0, 2842571978.0, 5685143956.0, 11370287912.0, 22740575824.0, 45481151648.0, 90962303296.0, 181924606592.0, 363849213184.0, 727698426368.0, 615416833237.0], [178207234128.0, 0.0, 60173871264.0, 0.0, 55545111936.0, 0.0, 126133691688.0, 0.0, -44575132550174.0, 42114947097609.0, 74060149248.0, 0.0, 148120298496.0, 0.0, 5785949160.0, 0.0, 9257518656.0, 0.0, 197879461272.0, 0.0, 93732376392.0, 0.0, 270782420688.0, 0.0, 491805678600.0, 0.0, 127290881520.0, 0.0, 134234020512.0, 0.0, 150434678160.0, 0.0, 54387922104.0, 0.0, 75217339080.0, 0.0, 138862779840.0, 0.0, 1157189832.0, 2314379664.0, 4628759328.0, 9257518656.0, 18515037312.0, 37030074624.0, 74060149248.0, 148120298496.0, 296240596992.0, 592481193984.0, 87946427232.0, 0.0, 0.0, 0.0, 0.0, 0.0, 0.0, 0.0, 0.0, 0.0, 0.0, 0.0], [0.0, 144579991248.0, 0.0, 48819217824.0, 0.0, 45063893376.0, 0.0, 102332591208.0, 42114947097609.0, -44781227355015.0, 0.0, 60085191168.0, 0.0, 120170382336.0, 0.0, 4694155560.0, 0.0, 7510648896.0, 0.0, 160540120152.0, 0.0, 76045320072.0, 0.0, 219686480208.0, 0.0, 399003222600.0, 0.0, 103271422320.0, 0.0, 108904408992.0, 0.0, 122048044560.0, 0.0, 44125062264.0, 0.0, 61024022280.0, 0.0, 112659733440.0, 0.0, 0.0, 0.0, 0.0, 0.0, 0.0, 0.0, 0.0, 0.0, 0.0, 0.0, 938831112.0, 1877662224.0, 3755324448.0, 7510648896.0, 15021297792.0, 30042595584.0, 60085191168.0, 120170382336.0, 240340764672.0, 480681529344.0, 406513871496.0], [158406430336.0, 0.0, 53487885568.0, 0.0, 49373432832.0, 0.0, 112118837056.0, 0.0, 74060149248.0, 0.0, -44310007515356.0, 42114947097609.0, 131662487552.0, 0.0, 5143065920.0, 0.0, 8228905472.0, 0.0, 175892854464.0, 0.0, 83317667904.0, 0.0, 240695485056.0, 0.0, 437160603200.0, 0.0, 113147450240.0, 0.0, 119319129344.0, 0.0, 133719713920.0, 0.0, 48344819648.0, 0.0, 66859856960.0, 0.0, 123433582080.0, 0.0, 1028613184.0, 2057226368.0, 4114452736.0, 8228905472.0, 16457810944.0, 32915621888.0, 65831243776.0, 131662487552.0, 263324975104.0, 526649950208.0, 78174601984.0, 0.0, 0.0, 0.0, 0.0, 0.0, 0.0, 0.0, 0.0, 0.0, 0.0, 0.0], [0.0, 128515547776.0, 0.0, 43394860288.0, 0.0, 40056794112.0, 0.0, 90962303296.0, 0.0, 60085191168.0, 42114947097609.0, -44491650125079.0, 0.0, 106818117632.0, 0.0, 4172582720.0, 0.0, 6676132352.0, 0.0, 142702329024.0, 0.0, 67595840064.0, 0.0, 195276871296.0, 0.0, 354669531200.0, 0.0, 91796819840.0, 0.0, 96803919104.0, 0.0, 108487150720.0, 0.0, 39222277568.0, 0.0, 54243575360.0, 0.0, 100141985280.0, 0.0, 0.0, 0.0, 0.0, 0.0, 0.0, 0.0, 0.0, 0.0, 0.0, 0.0, 834516544.0, 1669033088.0, 3338066176.0, 6676132352.0, 13352264704.0, 26704529408.0, 53409058816.0, 106818117632.0, 213636235264.0, 427272470528.0, 361345663552.0], [316812860672.0, 0.0, 106975771136.0, 0.0, 98746865664.0, 0.0, 224237674112.0, 0.0, 148120298496.0, 0.0, 131662487552.0, 0.0, -46373404213826.0, 42114947097609.0, 10286131840.0, 0.0, 16457810944.0, 0.0, 351785708928.0, 0.0, 166635335808.0, 0.0, 481390970112.0, 0.0, 874321206400.0, 0.0, 226294900480.0, 0.0, 238638258688.0, 0.0, 267439427840.0, 0.0, 96689639296.0, 0.0, 133719713920.0, 0.0, 246867164160.0, 0.0, 2057226368.0, 4114452736.0, 8228905472.0, 16457810944.0, 32915621888.0, 65831243776.0, 131662487552.0, 263324975104.0, 526649950208.0, 1053299900416.0, 156349203968.0, 0.0, 0.0, 0.0, 0.0, 0.0, 0.0, 0.0, 0.0, 0.0, 0.0, 0.0], [0.0, 257031095552.0, 0.0, 86789720576.0, 0.0, 80113588224.0, 0.0, 181924606592.0, 0.0, 120170382336.0, 0.0, 106818117632.0, 42114947097609.0, -46761533811745.0, 0.0, 8345165440.0, 0.0, 13352264704.0, 0.0, 285404658048.0, 0.0, 135191680128.0, 0.0, 390553742592.0, 0.0, 709339062400.0, 0.0, 183593639680.0, 0.0, 193607838208.0, 0.0, 216974301440.0, 0.0, 78444555136.0, 0.0, 108487150720.0, 0.0, 200283970560.0, 0.0, 0.0, 0.0, 0.0, 0.0, 0.0, 0.0, 0.0, 0.0, 0.0, 0.0, 1669033088.0, 3338066176.0, 6676132352.0, 13352264704.0, 26704529408.0, 53409058816.0, 106818117632.0, 213636235264.0, 427272470528.0, 854544941056.0, 722691327104.0], [12375502370.0, 0.0, 4178741060.0, 0.0, 3857299440.0, 0.0, 8759284145.0, 0.0, 5785949160.0, 0.0, 5143065920.0, 0.0, 10286131840.0, 0.0, -42291177453899.0, 42114947097609.0, 642883240.0, 0.0, 13741629255.0, 0.0, 6509192805.0, 0.0, 18804334770.0, 0.0, 34153172125.0, 0.0, 8839644550.0, 0.0, 9321806980.0, 0.0, 10446852650.0, 0.0, 3776939035.0, 0.0, 5223426325.0, 0.0, 9643248600.0, 0.0, 80360405.0, 160720810.0, 321441620.0, 642883240.0, 1285766480.0, 2571532960.0, 5143065920.0, 10286131840.0, 20572263680.0, 41144527360.0, 6107390780.0, 0.0, 0.0, 0.0, 0.0, 0.0, 0.0, 0.0, 0.0, 0.0, 0.0, 0.0], [0.0, 10040277170.0, 0.0, 3390223460.0, 0.0, 3129437040.0, 0.0, 7106429945.0, 0.0, 4694155560.0, 0.0, 4172582720.0, 0.0, 8345165440.0, 42114947097609.0, -42304473618852.0, 0.0, 521572840.0, 0.0, 11148619455.0, 0.0, 5280925005.0, 0.0, 15256005570.0, 0.0, 27708557125.0, 0.0, 7171626550.0, 0.0, 7562806180.0, 0.0, 8475558650.0, 0.0, 3064240435.0, 0.0, 4237779325.0, 0.0, 7823592600.0, 0.0, 0.0, 0.0, 0.0, 0.0, 0.0, 0.0, 0.0, 0.0, 0.0, 0.0, 65196605.0, 130393210.0, 260786420.0, 521572840.0, 1043145680.0, 2086291360.0, 4172582720.0, 8345165440.0, 16690330880.0, 33380661760.0, 28230129965.0], [19800803792.0, 0.0, 6685985696.0, 0.0, 6171679104.0, 0.0, 14014854632.0, 0.0, 9257518656.0, 0.0, 8228905472.0, 0.0, 16457810944.0, 0.0, 642883240.0, 0.0, -42396529942402.0, 42114947097609.0, 21986606808.0, 0.0, 10414708488.0, 0.0, 30086935632.0, 0.0, 54645075400.0, 0.0, 14143431280.0, 0.0, 14914891168.0, 0.0, 16714964240.0, 0.0, 6043102456.0, 0.0, 8357482120.0, 0.0, 15429197760.0, 0.0, 128576648.0, 257153296.0, 514306592.0, 1028613184.0, 2057226368.0, 4114452736.0, 8228905472.0, 16457810944.0, 32915621888.0, 65831243776.0, 9771825248.0, 0.0, 0.0, 0.0, 0.0, 0.0, 0.0, 0.0, 0.0, 0.0, 0.0, 0.0], [0.0, 16064443472.0, 0.0, 5424357536.0, 0.0, 5007099264.0, 0.0, 11370287912.0, 0.0, 7510648896.0, 0.0, 6676132352.0, 0.0, 13352264704.0, 0.0, 521572840.0, 42114947097609.0, -42417876591859.0, 0.0, 17837791128.0, 0.0, 8449480008.0, 0.0, 24409608912.0, 0.0, 44333691400.0, 0.0, 11474602480.0, 0.0, 12100489888.0, 0.0, 13560893840.0, 0.0, 4902784696.0, 0.0, 6780446920.0, 0.0, 12517748160.0, 0.0, 0.0, 0.0, 0.0, 0.0, 0.0, 0.0, 0.0, 0.0, 0.0, 0.0, 104314568.0, 208629136.0, 417258272.0, 834516544.0, 1669033088.0, 3338066176.0, 6676132352.0, 13352264704.0, 26704529408.0, 53409058816.0, 45168207944.0], [423242181054.0, 0.0, 142912944252.0, 0.0, 131919640848.0, 0.0, 299567517759.0, 0.0, 197879461272.0, 0.0, 175892854464.0, 0.0, 351785708928.0, 0.0, 13741629255.0, 0.0, 21986606808.0, 0.0, -47685803277216.0, 42114947097609.0, 222614393931.0, 0.0, 643108249134.0, 0.0, 1168038486675.0, 0.0, 302315843610.0, 0.0, 318805798716.0, 0.0, 357282360630.0, 0.0, 129171314997.0, 0.0, 178641180315.0, 0.0, 329799102120.0, 0.0, 2748325851.0, 5496651702.0, 10993303404.0, 21986606808.0, 43973213616.0, 87946427232.0, 175892854464.0, 351785708928.0, 703571417856.0, 1407142835712.0, 208872764676.0, 0.0, 0.0, 0.0, 0.0, 0.0, 0.0, 0.0, 0.0, 0.0, 0.0, 0.0], [0.0, 343377479214.0, 0.0, 115945642332.0, 0.0, 107026746768.0, 0.0, 243039904119.0, 0.0, 160540120152.0, 0.0, 142702329024.0, 0.0, 285404658048.0, 0.0, 11148619455.0, 0.0, 17837791128.0, 42114947097609.0, -48226620029530.0, 0.0, 180607635171.0, 0.0, 521755390494.0, 0.0, 947632653675.0, 0.0, 245269628010.0, 0.0, 258647971356.0, 0.0, 289864105830.0, 0.0, 104797022877.0, 0.0, 144932052915.0, 0.0, 267566866920.0, 0.0, 0.0, 0.0, 0.0, 0.0, 0.0, 0.0, 0.0, 0.0, 0.0, 0.0, 2229723891.0, 4459447782.0, 8918895564.0, 17837791128.0, 35675582256.0, 71351164512.0, 142702329024.0, 285404658048.0, 570809316096.0, 1141618632192.0, 965470444803.0], [200483138394.0, 0.0, 67695605172.0, 0.0, 62488250928.0, 0.0, 141900403149.0, 0.0, 93732376392.0, 0.0, 83317667904.0, 0.0, 166635335808.0, 0.0, 6509192805.0, 0.0, 10414708488.0, 0.0, 222614393931.0, 0.0, -44870939182480.0, 42114947097609.0, 304630223274.0, 0.0, 553281388425.0, 0.0, 143202241710.0, 0.0, 151013273076.0, 0.0, 169239012930.0, 0.0, 61186412367.0, 0.0, 84619506465.0, 0.0, 156220627320.0, 0.0, 1301838561.0, 2603677122.0, 5207354244.0, 10414708488.0, 20829416976.0, 41658833952.0, 83317667904.0, 166635335808.0, 333270671616.0, 666541343232.0, 98939730636.0, 0.0, 0.0, 0.0, 0.0, 0.0, 0.0, 0.0, 0.0, 0.0, 0.0, 0.0], [0.0, 162652490154.0, 0.0, 54921620052.0, 0.0, 50696880048.0, 0.0, 115124165109.0, 0.0, 76045320072.0, 0.0, 67595840064.0, 0.0, 135191680128.0, 0.0, 5280925005.0, 0.0, 8449480008.0, 0.0, 180607635171.0, 42114947097609.0, -45105006718377.0, 0.0, 247147290234.0, 0.0, 448878625425.0, 0.0, 116180350110.0, 0.0, 122517460116.0, 0.0, 137304050130.0, 0.0, 49640695047.0, 0.0, 68652025065.0, 0.0, 126742200120.0, 0.0, 0.0, 0.0, 0.0, 0.0, 0.0, 0.0, 0.0, 0.0, 0.0, 0.0, 1056185001.0, 2112370002.0, 4224740004.0, 8449480008.0, 16898960016.0, 33797920032.0, 67595840064.0, 135191680128.0, 270383360256.0, 540766720512.0, 457328105433.0], [579173510916.0, 0.0, 195565081608.0, 0.0, 180521613792.0, 0.0, 409934497986.0, 0.0, 270782420688.0, 0.0, 240695485056.0, 0.0, 481390970112.0, 0.0, 18804334770.0, 0.0, 30086935632.0, 0.0, 643108249134.0, 0.0, 304630223274.0, 0.0, -49501289058519.0, 42114947097609.0, 1598368455450.0, 0.0, 413695364940.0, 0.0, 436260566664.0, 0.0, 488912704020.0, 0.0, 176760746838.0, 0.0, 244456352010.0, 0.0, 451304034480.0, 0.0, 3760866954.0, 7521733908.0, 15043467816.0, 30086935632.0, 60173871264.0, 120347742528.0, 240695485056.0, 481390970112.0, 962781940224.0, 1925563880448.0, 285825888504.0, 0.0, 0.0, 0.0, 0.0, 0.0, 0.0, 0.0, 0.0, 0.0, 0.0, 0.0], [0.0, 469884971556.0, 0.0, 158662457928.0, 0.0, 146457653472.0, 0.0, 332580921426.0, 0.0, 219686480208.0, 0.0, 195276871296.0, 0.0, 390553742592.0, 0.0, 15256005570.0, 0.0, 24409608912.0, 0.0, 521755390494.0, 0.0, 247147290234.0, 42114947097609.0, -50286063038144.0, 0.0, 1296760473450.0, 0.0, 335632122540.0, 0.0, 353939329224.0, 0.0, 396656144820.0, 0.0, 143406452358.0, 0.0, 198328072410.0, 0.0, 366144133680.0, 0.0, 0.0, 0.0, 0.0, 0.0, 0.0, 0.0, 0.0, 0.0, 0.0, 0.0, 3051201114.0, 6102402228.0, 12204804456.0, 24409608912.0, 48819217824.0, 97638435648.0, 195276871296.0, 390553742592.0, 781107485184.0, 1562214970368.0, 1321170082362.0], [1051917701450.0, 0.0, 355192990100.0, 0.0, 327870452400.0, 0.0, 744539152325.0, 0.0, 491805678600.0, 0.0, 437160603200.0, 0.0, 874321206400.0, 0.0, 34153172125.0, 0.0, 54645075400.0, 0.0, 1168038486675.0, 0.0, 553281388425.0, 0.0, 1598368455450.0, 0.0, -54225659929572.0, 42114947097609.0, 751369786750.0, 0.0, 792353593300.0, 0.0, 887982475250.0, 0.0, 321039817975.0, 0.0, 443991237625.0, 0.0, 819676131000.0, 0.0, 6830634425.0, 13661268850.0, 27322537700.0, 54645075400.0, 109290150800.0, 218580301600.0, 437160603200.0, 874321206400.0, 1748642412800.0, 3497284825600.0, 519128216300.0, 0.0, 0.0, 0.0, 0.0, 0.0, 0.0, 0.0, 0.0, 0.0, 0.0, 0.0], [0.0, 853423559450.0, 0.0, 288168994100.0, 0.0, 266002148400.0, 0.0, 604046545325.0, 0.0, 399003222600.0, 0.0, 354669531200.0, 0.0, 709339062400.0, 0.0, 27708557125.0, 0.0, 44333691400.0, 0.0, 947632653675.0, 0.0, 448878625425.0, 0.0, 1296760473450.0, 42114947097609.0, -55897181576360.0, 0.0, 609588256750.0, 0.0, 642838525300.0, 0.0, 720422485250.0, 0.0, 260460436975.0, 0.0, 360211242625.0, 0.0, 665005371000.0, 0.0, 0.0, 0.0, 0.0, 0.0, 0.0, 0.0, 0.0, 0.0, 0.0, 0.0, 5541711425.0, 11083422850.0, 22166845700.0, 44333691400.0, 88667382800.0, 177334765600.0, 354669531200.0, 709339062400.0, 1418678124800.0, 2837356249600.0, 2399561047025.0], [272261052140.0, 0.0, 91932303320.0, 0.0, 84860587680.0, 0.0, 192704251190.0, 0.0, 127290881520.0, 0.0, 113147450240.0, 0.0, 226294900480.0, 0.0, 8839644550.0, 0.0, 14143431280.0, 0.0, 302315843610.0, 0.0, 143202241710.0, 0.0, 413695364940.0, 0.0, 751369786750.0, 0.0, -45806382457743.0, 42114947097609.0, 205079753560.0, 0.0, 229830758300.0, 0.0, 83092658770.0, 0.0, 114915379150.0, 0.0, 212151469200.0, 0.0, 1767928910.0, 3535857820.0, 7071715640.0, 14143431280.0, 28286862560.0, 56573725120.0, 113147450240.0, 226294900480.0, 452589800960.0, 905179601920.0, 134362597160.0, 0.0, 0.0, 0.0, 0.0, 0.0, 0.0, 0.0, 0.0, 0.0, 0.0, 0.0], [0.0, 220886097740.0, 0.0, 74584916120.0, 0.0, 68847614880.0, 0.0, 156341458790.0, 0.0, 103271422320.0, 0.0, 91796819840.0, 0.0, 183593639680.0, 0.0, 7171626550.0, 0.0, 11474602480.0, 0.0, 245269628010.0, 0.0, 116180350110.0, 0.0, 335632122540.0, 0.0, 609588256750.0, 42114947097609.0, -46133926455656.0, 0.0, 166381735960.0, 0.0, 186462290300.0, 0.0, 67413289570.0, 0.0, 93231145150.0, 0.0, 172119037200.0, 0.0, 0.0, 0.0, 0.0, 0.0, 0.0, 0.0, 0.0, 0.0, 0.0, 0.0, 1434325310.0, 2868650620.0, 5737301240.0, 11474602480.0, 22949204960.0, 45898409920.0, 91796819840.0, 183593639680.0, 367187279360.0, 734374558720.0, 621062859230.0], [287111654984.0, 0.0, 96946792592.0, 0.0, 89489347008.0, 0.0, 203215392164.0, 0.0, 134234020512.0, 0.0, 119319129344.0, 0.0, 238638258688.0, 0.0, 9321806980.0, 0.0, 14914891168.0, 0.0, 318805798716.0, 0.0, 151013273076.0, 0.0, 436260566664.0, 0.0, 792353593300.0, 0.0, 205079753560.0, 0.0, -45996547312475.0, 42114947097609.0, 242366981480.0, 0.0, 87624985612.0, 0.0, 121183490740.0, 0.0, 223723367520.0, 0.0, 1864361396.0, 3728722792.0, 7457445584.0, 14914891168.0, 29829782336.0, 59659564672.0, 119319129344.0, 238638258688.0, 477276517376.0, 954553034752.0, 141691466096.0, 0.0, 0.0, 0.0, 0.0, 0.0, 0.0, 0.0, 0.0, 0.0, 0.0, 0.0], [0.0, 232934430344.0, 0.0, 78653184272.0, 0.0, 72602939328.0, 0.0, 164869174724.0, 0.0, 108904408992.0, 0.0, 96803919104.0, 0.0, 193607838208.0, 0.0, 7562806180.0, 0.0, 12100489888.0, 0.0, 258647971356.0, 0.0, 122517460116.0, 0.0, 353939329224.0, 0.0, 642838525300.0, 0.0, 166381735960.0, 42114947097609.0, -46344068147839.0, 0.0, 196632960680.0, 0.0, 71090378092.0, 0.0, 98316480340.0, 0.0, 181507348320.0, 0.0, 0.0, 0.0, 0.0, 0.0, 0.0, 0.0, 0.0, 0.0, 0.0, 0.0, 1512561236.0, 3025122472.0, 6050244944.0, 12100489888.0, 24200979776.0, 48401959552.0, 96803919104.0, 193607838208.0, 387215676416.0, 774431352832.0, 654939015188.0], [321763061620.0, 0.0, 108647267560.0, 0.0, 100289785440.0, 0.0, 227741387770.0, 0.0, 150434678160.0, 0.0, 133719713920.0, 0.0, 267439427840.0, 0.0, 10446852650.0, 0.0, 16714964240.0, 0.0, 357282360630.0, 0.0, 169239012930.0, 0.0, 488912704020.0, 0.0, 887982475250.0, 0.0, 229830758300.0, 0.0, 242366981480.0, 0.0, -46435765100794.0, 42114947097609.0, 98200414910.0, 0.0, 135809084450.0, 0.0, 250724463600.0, 0.0, 2089370530.0, 4178741060.0, 8357482120.0, 16714964240.0, 33429928480.0, 66859856960.0, 133719713920.0, 267439427840.0, 534878855680.0, 1069757711360.0, 158792160280.0, 0.0, 0.0, 0.0, 0.0, 0.0, 0.0, 0.0, 0.0, 0.0, 0.0, 0.0], [0.0, 261047206420.0, 0.0, 88145809960.0, 0.0, 81365363040.0, 0.0, 184767178570.0, 0.0, 122048044560.0, 0.0, 108487150720.0, 0.0, 216974301440.0, 0.0, 8475558650.0, 0.0, 13560893840.0, 0.0, 289864105830.0, 0.0, 137304050130.0, 0.0, 396656144820.0, 0.0, 720422485250.0, 0.0, 186462290300.0, 0.0, 196632960680.0, 42114947097609.0, -46830747726332.0, 0.0, 79670251310.0, 0.0, 110182262450.0, 0.0, 203413407600.0, 0.0, 0.0, 0.0, 0.0, 0.0, 0.0, 0.0, 0.0, 0.0, 0.0, 0.0, 1695111730.0, 3390223460.0, 6780446920.0, 13560893840.0, 27121787680.0, 54243575360.0, 108487150720.0, 216974301440.0, 433948602880.0, 867897205760.0, 733983379090.0], [116329722278.0, 0.0, 39280165964.0, 0.0, 36258614736.0, 0.0, 82337270963.0, 0.0, 54387922104.0, 0.0, 48344819648.0, 0.0, 96689639296.0, 0.0, 3776939035.0, 0.0, 6043102456.0, 0.0, 129171314997.0, 0.0, 61186412367.0, 0.0, 176760746838.0, 0.0, 321039817975.0, 0.0, 83092658770.0, 0.0, 87624985612.0, 0.0, 98200414910.0, 0.0, -43739786186743.0, 42114947097609.0, 49100207455.0, 0.0, 90646536840.0, 0.0, 755387807.0, 1510775614.0, 3021551228.0, 6043102456.0, 12086204912.0, 24172409824.0, 48344819648.0, 96689639296.0, 193379278592.0, 386758557184.0, 57409473332.0, 0.0, 0.0, 0.0, 0.0, 0.0, 0.0, 0.0, 0.0, 0.0, 0.0, 0.0], [0.0, 94378605398.0, 0.0, 31868100524.0, 0.0, 29416708176.0, 0.0, 66800441483.0, 0.0, 44125062264.0, 0.0, 39222277568.0, 0.0, 78444555136.0, 0.0, 3064240435.0, 0.0, 4902784696.0, 0.0, 104797022877.0, 0.0, 49640695047.0, 0.0, 143406452358.0, 0.0, 260460436975.0, 0.0, 67413289570.0, 0.0, 71090378092.0, 0.0, 79670251310.0, 42114947097609.0, -43870756800874.0, 0.0, 39835125655.0, 0.0, 73541770440.0, 0.0, 0.0, 0.0, 0.0, 0.0, 0.0, 0.0, 0.0, 0.0, 0.0, 0.0, 612848087.0, 1225696174.0, 2451392348.0, 4902784696.0, 9805569392.0, 19611138784.0, 39222277568.0, 78444555136.0, 156889110272.0, 313778220544.0, 265363221671.0], [160881530810.0, 0.0, 54323633780.0, 0.0, 50144892720.0, 0.0, 113870693885.0, 0.0, 75217339080.0, 0.0, 66859856960.0, 0.0, 133719713920.0, 0.0, 5223426325.0, 0.0, 8357482120.0, 0.0, 178641180315.0, 0.0, 84619506465.0, 0.0, 244456352010.0, 0.0, 443991237625.0, 0.0, 114915379150.0, 0.0, 121183490740.0, 0.0, 135809084450.0, 0.0, 49100207455.0, 0.0, -44343260651356.0, 42114947097609.0, 125362231800.0, 0.0, 1044685265.0, 2089370530.0, 4178741060.0, 8357482120.0, 16714964240.0, 33429928480.0, 66859856960.0, 133719713920.0, 267439427840.0, 534878855680.0, 79396080140.0, 0.0, 0.0, 0.0, 0.0, 0.0, 0.0, 0.0, 0.0, 0.0, 0.0, 0.0], [0.0, 130523603210.0, 0.0, 44072904980.0, 0.0, 40682681520.0, 0.0, 92383589285.0, 0.0, 61024022280.0, 0.0, 54243575360.0, 0.0, 108487150720.0, 0.0, 4237779325.0, 0.0, 6780446920.0, 0.0, 144932052915.0, 0.0, 68652025065.0, 0.0, 198328072410.0, 0.0, 360211242625.0, 0.0, 93231145150.0, 0.0, 98316480340.0, 0.0, 110182262450.0, 0.0, 39835125655.0, 42114947097609.0, -44527938539969.0, 0.0, 101706703800.0, 0.0, 0.0, 0.0, 0.0, 0.0, 0.0, 0.0, 0.0, 0.0, 0.0, 0.0, 847555865.0, 1695111730.0, 3390223460.0, 6780446920.0, 13560893840.0, 27121787680.0, 54243575360.0, 108487150720.0, 216974301440.0, 433948602880.0, 366991689545.0], [297012056880.0, 0.0, 100289785440.0, 0.0, 92575186560.0, 0.0, 210222819480.0, 0.0, 138862779840.0, 0.0, 123433582080.0, 0.0, 246867164160.0, 0.0, 9643248600.0, 0.0, 15429197760.0, 0.0, 329799102120.0, 0.0, 156220627320.0, 0.0, 451304034480.0, 0.0, 819676131000.0, 0.0, 212151469200.0, 0.0, 223723367520.0, 0.0, 250724463600.0, 0.0, 90646536840.0, 0.0, 125362231800.0, 0.0, -46122680999450.0, 42114947097609.0, 1928649720.0, 3857299440.0, 7714598880.0, 15429197760.0, 30858395520.0, 61716791040.0, 123433582080.0, 246867164160.0, 493734328320.0, 987468656640.0, 146577378720.0, 0.0, 0.0, 0.0, 0.0, 0.0, 0.0, 0.0, 0.0, 0.0, 0.0, 0.0], [0.0, 240966652080.0, 0.0, 81365363040.0, 0.0, 75106488960.0, 0.0, 170554318680.0, 0.0, 112659733440.0, 0.0, 100141985280.0, 0.0, 200283970560.0, 0.0, 7823592600.0, 0.0, 12517748160.0, 0.0, 267566866920.0, 0.0, 126742200120.0, 0.0, 366144133680.0, 0.0, 665005371000.0, 0.0, 172119037200.0, 0.0, 181507348320.0, 0.0, 203413407600.0, 0.0, 73541770440.0, 0.0, 101706703800.0, 42114947097609.0, -46483640641902.0, 0.0, 0.0, 0.0, 0.0, 0.0, 0.0, 0.0, 0.0, 0.0, 0.0, 0.0, 1564718520.0, 3129437040.0, 6258874080.0, 12517748160.0, 25035496320.0, 50070992640.0, 100141985280.0, 200283970560.0, 400567941120.0, 801135882240.0, 677523119160.0], [2475100474.0, 0.0, 835748212.0, 0.0, 771459888.0, 0.0, 1751856829.0, 0.0, 1157189832.0, 0.0, 1028613184.0, 0.0, 2057226368.0, 0.0, 80360405.0, 0.0, 128576648.0, 0.0, 2748325851.0, 0.0, 1301838561.0, 0.0, 3760866954.0, 0.0, 6830634425.0, 0.0, 1767928910.0, 0.0, 1864361396.0, 0.0, 2089370530.0, 0.0, 755387807.0, 0.0, 1044685265.0, 0.0, 1928649720.0, 0.0, -35310361957.0, 32144162.0, 64288324.0, 128576648.0, 257153296.0, 514306592.0, 1028613184.0, 2057226368.0, 4114452736.0, 8228905472.0, 1221478156.0, 0.0, 0.0, 0.0, 0.0, 0.0, 0.0, 0.0, 0.0, 0.0, 0.0, 0.0], [4950200948.0, 0.0, 1671496424.0, 0.0, 1542919776.0, 0.0, 3503713658.0, 0.0, 2314379664.0, 0.0, 2057226368.0, 0.0, 4114452736.0, 0.0, 160720810.0, 0.0, 257153296.0, 0.0, 5496651702.0, 0.0, 2603677122.0, 0.0, 7521733908.0, 0.0, 13661268850.0, 0.0, 3535857820.0, 0.0, 3728722792.0, 0.0, 4178741060.0, 0.0, 1510775614.0, 0.0, 2089370530.0, 0.0, 3857299440.0, 0.0, 32144162.0, -70588579752.0, 128576648.0, 257153296.0, 514306592.0, 1028613184.0, 2057226368.0, 4114452736.0, 8228905472.0, 16457810944.0, 2442956312.0, 0.0, 0.0, 0.0, 0.0, 0.0, 0.0, 0.0, 0.0, 0.0, 0.0, 0.0], [9900401896.0, 0.0, 3342992848.0, 0.0, 3085839552.0, 0.0, 7007427316.0, 0.0, 4628759328.0, 0.0, 4114452736.0, 0.0, 8228905472.0, 0.0, 321441620.0, 0.0, 514306592.0, 0.0, 10993303404.0, 0.0, 5207354244.0, 0.0, 15043467816.0, 0.0, 27322537700.0, 0.0, 7071715640.0, 0.0, 7457445584.0, 0.0, 8357482120.0, 0.0, 3021551228.0, 0.0, 4178741060.0, 0.0, 7714598880.0, 0.0, 64288324.0, 128576648.0, -141048582856.0, 514306592.0, 1028613184.0, 2057226368.0, 4114452736.0, 8228905472.0, 16457810944.0, 32915621888.0, 4885912624.0, 0.0, 0.0, 0.0, 0.0, 0.0, 0.0, 0.0, 0.0, 0.0, 0.0, 0.0], [19800803792.0, 0.0, 6685985696.0, 0.0, 6171679104.0, 0.0, 14014854632.0, 0.0, 9257518656.0, 0.0, 8228905472.0, 0.0, 16457810944.0, 0.0, 642883240.0, 0.0, 1028613184.0, 0.0, 21986606808.0, 0.0, 10414708488.0, 0.0, 30086935632.0, 0.0, 54645075400.0, 0.0, 14143431280.0, 0.0, 14914891168.0, 0.0, 16714964240.0, 0.0, 6043102456.0, 0.0, 8357482120.0, 0.0, 15429197760.0, 0.0, 128576648.0, 257153296.0, 514306592.0, -281582859120.0, 2057226368.0, 4114452736.0, 8228905472.0, 16457810944.0, 32915621888.0, 65831243776.0, 9771825248.0, 0.0, 0.0, 0.0, 0.0, 0.0, 0.0, 0.0, 0.0, 0.0, 0.0, 0.0], [39601607584.0, 0.0, 13371971392.0, 0.0, 12343358208.0, 0.0, 28029709264.0, 0.0, 18515037312.0, 0.0, 16457810944.0, 0.0, 32915621888.0, 0.0, 1285766480.0, 0.0, 2057226368.0, 0.0, 43973213616.0, 0.0, 20829416976.0, 0.0, 60173871264.0, 0.0, 109290150800.0, 0.0, 28286862560.0, 0.0, 29829782336.0, 0.0, 33429928480.0, 0.0, 12086204912.0, 0.0, 16714964240.0, 0.0, 30858395520.0, 0.0, 257153296.0, 514306592.0, 1028613184.0, 2057226368.0, -561108491872.0, 8228905472.0, 16457810944.0, 32915621888.0, 65831243776.0, 131662487552.0, 19543650496.0, 0.0, 0.0, 0.0, 0.0, 0.0, 0.0, 0.0, 0.0, 0.0, 0.0, 0.0], [79203215168.0, 0.0, 26743942784.0, 0.0, 24686716416.0, 0.0, 56059418528.0, 0.0, 37030074624.0, 0.0, 32915621888.0, 0.0, 65831243776.0, 0.0, 2571532960.0, 0.0, 4114452736.0, 0.0, 87946427232.0, 0.0, 41658833952.0, 0.0, 120347742528.0, 0.0, 218580301600.0, 0.0, 56573725120.0, 0.0, 59659564672.0, 0.0, 66859856960.0, 0.0, 24172409824.0, 0.0, 33429928480.0, 0.0, 61716791040.0, 0.0, 514306592.0, 1028613184.0, 2057226368.0, 4114452736.0, 8228905472.0, -1113988078272.0, 32915621888.0, 65831243776.0, 131662487552.0, 263324975104.0, 39087300992.0, 0.0, 0.0, 0.0, 0.0, 0.0, 0.0, 0.0, 0.0, 0.0, 0.0, 0.0], [158406430336.0, 0.0, 53487885568.0, 0.0, 49373432832.0, 0.0, 112118837056.0, 0.0, 74060149248.0, 0.0, 65831243776.0, 0.0, 131662487552.0, 0.0, 5143065920.0, 0.0, 8228905472.0, 0.0, 175892854464.0, 0.0, 83317667904.0, 0.0, 240695485056.0, 0.0, 437160603200.0, 0.0, 113147450240.0, 0.0, 119319129344.0, 0.0, 133719713920.0, 0.0, 48344819648.0, 0.0, 66859856960.0, 0.0, 123433582080.0, 0.0, 1028613184.0, 2057226368.0, 4114452736.0, 8228905472.0, 16457810944.0, 32915621888.0, -2195060534656.0, 131662487552.0, 263324975104.0, 526649950208.0, 78174601984.0, 0.0, 0.0, 0.0, 0.0, 0.0, 0.0, 0.0, 0.0, 0.0, 0.0, 0.0], [316812860672.0, 0.0, 106975771136.0, 0.0, 98746865664.0, 0.0, 224237674112.0, 0.0, 148120298496.0, 0.0, 131662487552.0, 0.0, 263324975104.0, 0.0, 10286131840.0, 0.0, 16457810944.0, 0.0, 351785708928.0, 0.0, 166635335808.0, 0.0, 481390970112.0, 0.0, 874321206400.0, 0.0, 226294900480.0, 0.0, 238638258688.0, 0.0, 267439427840.0, 0.0, 96689639296.0, 0.0, 133719713920.0, 0.0, 246867164160.0, 0.0, 2057226368.0, 4114452736.0, 8228905472.0, 16457810944.0, 32915621888.0, 65831243776.0, 131662487552.0, -4258458581760.0, 526649950208.0, 1053299900416.0, 156349203968.0, 0.0, 0.0, 0.0, 0.0, 0.0, 0.0, 0.0, 0.0, 0.0, 0.0, 0.0], [633625721344.0, 0.0, 213951542272.0, 0.0, 197493731328.0, 0.0, 448475348224.0, 0.0, 296240596992.0, 0.0, 263324975104.0, 0.0, 526649950208.0, 0.0, 20572263680.0, 0.0, 32915621888.0, 0.0, 703571417856.0, 0.0, 333270671616.0, 0.0, 962781940224.0, 0.0, 1748642412800.0, 0.0, 452589800960.0, 0.0, 477276517376.0, 0.0, 534878855680.0, 0.0, 193379278592.0, 0.0, 267439427840.0, 0.0, 493734328320.0, 0.0, 4114452736.0, 8228905472.0, 16457810944.0, 32915621888.0, 65831243776.0, 131662487552.0, 263324975104.0, 526649950208.0, -7990267213312.0, 2106599800832.0, 312698407936.0, 0.0, 0.0, 0.0, 0.0, 0.0, 0.0, 0.0, 0.0, 0.0, 0.0, 0.0], [1267251442688.0, 0.0, 427903084544.0, 0.0, 394987462656.0, 0.0, 896950696448.0, 0.0, 592481193984.0, 0.0, 526649950208.0, 0.0, 1053299900416.0, 0.0, 41144527360.0, 0.0, 65831243776.0, 0.0, 1407142835712.0, 0.0, 666541343232.0, 0.0, 1925563880448.0, 0.0, 3497284825600.0, 0.0, 905179601920.0, 0.0, 954553034752.0, 0.0, 1069757711360.0, 0.0, 386758557184.0, 0.0, 534878855680.0, 0.0, 987468656640.0, 0.0, 8228905472.0, 16457810944.0, 32915621888.0, 65831243776.0, 131662487552.0, 263324975104.0, 526649950208.0, 1053299900416.0, 2106599800832.0, -13873934625792.0, 625396815872.0, 0.0, 0.0, 0.0, 0.0, 0.0, 0.0, 0.0, 0.0, 0.0, 0.0, 0.0], [188107636024.0, 0.0, 63516864112.0, 0.0, 58630951488.0, 0.0, 133141119004.0, 0.0, 87946427232.0, 0.0, 78174601984.0, 0.0, 156349203968.0, 0.0, 6107390780.0, 0.0, 9771825248.0, 0.0, 208872764676.0, 0.0, 98939730636.0, 0.0, 285825888504.0, 0.0, 519128216300.0, 0.0, 134362597160.0, 0.0, 141691466096.0, 0.0, 158792160280.0, 0.0, 57409473332.0, 0.0, 79396080140.0, 0.0, 146577378720.0, 0.0, 1221478156.0, 2442956312.0, 4885912624.0, 9771825248.0, 19543650496.0, 39087300992.0, 78174601984.0, 156349203968.0, 312698407936.0, 625396815872.0, -2591976647032.0, 0.0, 0.0, 0.0, 0.0, 0.0, 0.0, 0.0, 0.0, 0.0, 0.0, 0.0], [0.0, 2008055434.0, 0.0, 678044692.0, 0.0, 625887408.0, 0.0, 1421285989.0, 0.0, 938831112.0, 0.0, 834516544.0, 0.0, 1669033088.0, 0.0, 65196605.0, 0.0, 104314568.0, 0.0, 2229723891.0, 0.0, 1056185001.0, 0.0, 3051201114.0, 0.0, 5541711425.0, 0.0, 1434325310.0, 0.0, 1512561236.0, 0.0, 1695111730.0, 0.0, 612848087.0, 0.0, 847555865.0, 0.0, 1564718520.0, 0.0, 0.0, 0.0, 0.0, 0.0, 0.0, 0.0, 0.0, 0.0, 0.0, 0.0, -37957463431.0, 26078642.0, 52157284.0, 104314568.0, 208629136.0, 417258272.0, 834516544.0, 1669033088.0, 3338066176.0, 6676132352.0, 5646025993.0], [0.0, 4016110868.0, 0.0, 1356089384.0, 0.0, 1251774816.0, 0.0, 2842571978.0, 0.0, 1877662224.0, 0.0, 1669033088.0, 0.0, 3338066176.0, 0.0, 130393210.0, 0.0, 208629136.0, 0.0, 4459447782.0, 0.0, 2112370002.0, 0.0, 6102402228.0, 0.0, 11083422850.0, 0.0, 2868650620.0, 0.0, 3025122472.0, 0.0, 3390223460.0, 0.0, 1225696174.0, 0.0, 1695111730.0, 0.0, 3129437040.0, 0.0, 0.0, 0.0, 0.0, 0.0, 0.0, 0.0, 0.0, 0.0, 0.0, 0.0, 26078642.0, -75888848220.0, 104314568.0, 208629136.0, 417258272.0, 834516544.0, 1669033088.0, 3338066176.0, 6676132352.0, 13352264704.0, 11292051986.0], [0.0, 8032221736.0, 0.0, 2712178768.0, 0.0, 2503549632.0, 0.0, 5685143956.0, 0.0, 3755324448.0, 0.0, 3338066176.0, 0.0, 6676132352.0, 0.0, 260786420.0, 0.0, 417258272.0, 0.0, 8918895564.0, 0.0, 4224740004.0, 0.0, 12204804456.0, 0.0, 22166845700.0, 0.0, 5737301240.0, 0.0, 6050244944.0, 0.0, 6780446920.0, 0.0, 2451392348.0, 0.0, 3390223460.0, 0.0, 6258874080.0, 0.0, 0.0, 0.0, 0.0, 0.0, 0.0, 0.0, 0.0, 0.0, 0.0, 0.0, 52157284.0, 104314568.0, -151673381872.0, 417258272.0, 834516544.0, 1669033088.0, 3338066176.0, 6676132352.0, 13352264704.0, 26704529408.0, 22584103972.0], [0.0, 16064443472.0, 0.0, 5424357536.0, 0.0, 5007099264.0, 0.0, 11370287912.0, 0.0, 7510648896.0, 0.0, 6676132352.0, 0.0, 13352264704.0, 0.0, 521572840.0, 0.0, 834516544.0, 0.0, 17837791128.0, 0.0, 8449480008.0, 0.0, 24409608912.0, 0.0, 44333691400.0, 0.0, 11474602480.0, 0.0, 12100489888.0, 0.0, 13560893840.0, 0.0, 4902784696.0, 0.0, 6780446920.0, 0.0, 12517748160.0, 0.0, 0.0, 0.0, 0.0, 0.0, 0.0, 0.0, 0.0, 0.0, 0.0, 0.0, 104314568.0, 208629136.0, 417258272.0, -302929505472.0, 1669033088.0, 3338066176.0, 6676132352.0, 13352264704.0, 26704529408.0, 53409058816.0, 45168207944.0], [0.0, 32128886944.0, 0.0, 10848715072.0, 0.0, 10014198528.0, 0.0, 22740575824.0, 0.0, 15021297792.0, 0.0, 13352264704.0, 0.0, 26704529408.0, 0.0, 1043145680.0, 0.0, 1669033088.0, 0.0, 35675582256.0, 0.0, 16898960016.0, 0.0, 48819217824.0, 0.0, 88667382800.0, 0.0, 22949204960.0, 0.0, 24200979776.0, 0.0, 27121787680.0, 0.0, 9805569392.0, 0.0, 13560893840.0, 0.0, 25035496320.0, 0.0, 0.0, 0.0, 0.0, 0.0, 0.0, 0.0, 0.0, 0.0, 0.0, 0.0, 208629136.0, 417258272.0, 834516544.0, 1669033088.0, -604189977856.0, 6676132352.0, 13352264704.0, 26704529408.0, 53409058816.0, 106818117632.0, 90336415888.0], [0.0, 64257773888.0, 0.0, 21697430144.0, 0.0, 20028397056.0, 0.0, 45481151648.0, 0.0, 30042595584.0, 0.0, 26704529408.0, 0.0, 53409058816.0, 0.0, 2086291360.0, 0.0, 3338066176.0, 0.0, 71351164512.0, 0.0, 33797920032.0, 0.0, 97638435648.0, 0.0, 177334765600.0, 0.0, 45898409920.0, 0.0, 48401959552.0, 0.0, 54243575360.0, 0.0, 19611138784.0, 0.0, 27121787680.0, 0.0, 50070992640.0, 0.0, 0.0, 0.0, 0.0, 0.0, 0.0, 0.0, 0.0, 0.0, 0.0, 0.0, 417258272.0, 834516544.0, 1669033088.0, 3338066176.0, 6676132352.0, -1201703823360.0, 26704529408.0, 53409058816.0, 106818117632.0, 213636235264.0, 180672831776.0], [0.0, 128515547776.0, 0.0, 43394860288.0, 0.0, 40056794112.0, 0.0, 90962303296.0, 0.0, 60085191168.0, 0.0, 53409058816.0, 0.0, 106818117632.0, 0.0, 4172582720.0, 0.0, 6676132352.0, 0.0, 142702329024.0, 0.0, 67595840064.0, 0.0, 195276871296.0, 0.0, 354669531200.0, 0.0, 91796819840.0, 0.0, 96803919104.0, 0.0, 108487150720.0, 0.0, 39222277568.