{
  "qubo": {
    "id": 0,
    "name": "Model",
    "variables": [
      {
        "id": 0,
        "name": "0",
        "slack": false
      },
      {
        "id": 1,
        "name": "1",
        "slack": false
      },
      {
        "id": 2,
        "name": "2",
        "slack": false
      },
      {
        "id": 3,
        "name": "3",
        "slack": false
      },
      {
        "id": 4,
        "name": "4",
        "slack": false
      },
      {
        "id": 5,
        "name": "5",
        "slack": false
      },
      {
        "id": 6,
        "name": "6",
        "slack": false
      },
      {
        "id": 7,
        "name": "7",
        "slack": false
      },
      {
        "id": 8,
        "name": "8",
        "slack": false
      },
      {
        "id": 9,
        "name": "9",
        "slack": false
      },
      {
        "id": 10,
        "name": "10",
        "slack": false
      },
      {
        "id": 11,
        "name": "11",
        "slack": false
      },
      {
        "id": 12,
        "name": "12",
        "slack": false
      },
      {
        "id": 13,
        "name": "13",
        "slack": false
      },
      {
        "id": 14,
        "name": "14",
        "slack": false
      },
      {
        "id": 15,
        "name": "15",
        "slack": false
      },
      {
        "id": 16,
        "name": "16",
        "slack": false
      },
      {
        "id": 17,
        "name": "17",
        "slack": false
      },
      {
        "id": 18,
        "name": "18",
        "slack": false
      },
      {
        "id": 19,
        "name": "19",
        "slack": false
      },
      {
        "id": 20,
        "name": "20",
        "slack": false
      },
      {
        "id": 21,
        "name": "21",
        "slack": false
      },
      {
        "id": 22,
        "name": "22",
        "slack": false
      },
      {
        "id": 23,
        "name": "23",
        "slack": false
      },
      {
        "id": 24,
        "name": "24",
        "slack": false
      },
      {
        "id": 25,
        "name": "25",
        "slack": false
      },
      {
        "id": 26,
        "name": "capacity_constraint_machine_24@int_slack@0",
        "slack": true
      },
      {
        "id": 27,
        "name": "capacity_constraint_machine_24@int_slack@1",
        "slack": true
      },
      {
        "id": 28,
        "name": "capacity_constraint_machine_24@int_slack@2",
        "slack": true
      },
      {
        "id": 29,
        "name": "capacity_constraint_machine_24@int_slack@3",
        "slack": true
      },
      {
        "id": 30,
        "name": "capacity_constraint_machine_24@int_slack@4",
        "slack": true
      },
      {
        "id": 31,
        "name": "capacity_constraint_machine_24@int_slack@5",
        "slack": true
      },
      {
        "id": 32,
        "name": "capacity_constraint_machine_24@int_slack@6",
        "slack": true
      },
      {
        "id": 33,
        "name": "capacity_constraint_machine_24@int_slack@7",
        "slack": true
      },
      {
        "id": 34,
        "name": "capacity_constraint_machine_24@int_slack@8",
        "slack": true
      },
      {
        "id": 35,
        "name": "capacity_constraint_machine_24@int_slack@9",
        "slack": true
      },
      {
        "id": 36,
        "name": "capacity_constraint_machine_27@int_slack@0",
        "slack": true
      },
      {
        "id": 37,
        "name": "capacity_constraint_machine_27@int_slack@1",
        "slack": true
      },
      {
        "id": 38,
        "name": "capacity_constraint_machine_27@int_slack@2",
        "slack": true
      },
      {
        "id": 39,
        "name": "capacity_constraint_machine_27@int_slack@3",
        "slack": true
      },
      {
        "id": 40,
        "name": "capacity_constraint_machine_27@int_slack@4",
        "slack": true
      },
      {
        "id": 41,
        "name": "capacity_constraint_machine_27@int_slack@5",
        "slack": true
      },
      {
        "id": 42,
        "name": "capacity_constraint_machine_27@int_slack@6",
        "slack": true
      },
      {
        "id": 43,
        "name": "capacity_constraint_machine_27@int_slack@7",
        "slack": true
      },
      {
        "id": 44,
        "name": "capacity_constraint_machine_27@int_slack@8",
        "slack": true
      },
      {
        "id": 45,
        "name": "capacity_constraint_machine_27@int_slack@9",
        "slack": true
      }
    ],
    "constant": 46291462471753.0,
    "matrix": "[[-5870781848658.0, 1129775542281.0, 152368568352.0, 0.0, 140647909248.0, 0.0, 319387960584.0, 0.0, 210971863872.0, 0.0, 187530545664.0, 0.0, 375061091328.0, 0.0, 14650823880.0, 0.0, 23441318208.0, 0.0, 501058176696.0, 0.0, 237343346856.0, 0.0, 685658557584.0, 0.0, 1245320029800.0, 0.0, 2930164776.0, 5860329552.0, 11720659104.0, 23441318208.0, 46882636416.0, 93765272832.0, 187530545664.0, 375061091328.0, 750122182656.0, 1098811791000.0, 0.0, 0.0, 0.0, 0.0, 0.0, 0.0, 0.0, 0.0, 0.0, 0.0], [1129775542281.0, -6016042154954.0, 0.0, 142744874272.0, 0.0, 131764499328.0, 0.0, 299215217224.0, 0.0, 197646748992.0, 0.0, 175685999104.0, 0.0, 351371998208.0, 0.0, 13725468680.0, 0.0, 21960749888.0, 0.0, 469411028856.0, 0.0, 222352592616.0, 0.0, 642351934224.0, 0.0, 1166664837800.0, 0.0, 0.0, 0.0, 0.0, 0.0, 0.0, 0.0, 0.0, 0.0, 0.0, 2745093736.0, 5490187472.0, 10980374944.0, 21960749888.0, 43921499776.0, 87842999552.0, 175685999104.0, 351371998208.0, 702743996416.0, 1251762743616.0], [152368568352.0, 0.0, -2831554264959.0, 1129775542281.0, 47491501824.0, 0.0, 107845285392.0, 0.0, 71237252736.0, 0.0, 63322002432.0, 0.0, 126644004864.0, 0.0, 4947031440.0, 0.0, 7915250304.0, 0.0, 169188475248.0, 0.0, 80141909328.0, 0.0, 231521071392.0, 0.0, 420497672400.0, 0.0, 989406288.0, 1978812576.0, 3957625152.0, 7915250304.0, 15830500608.0, 31661001216.0, 63322002432.0, 126644004864.0, 253288009728.0, 371027358000.0, 0.0, 0.0, 0.0, 0.0, 0.0, 0.0, 0.0, 0.0, 0.0, 0.0], [0.0, 142744874272.0, 1129775542281.0, -2874229061524.0, 0.0, 44491908864.0, 0.0, 101033709712.0, 0.0, 66737863296.0, 0.0, 59322545152.0, 0.0, 118645090304.0, 0.0, 4634573840.0, 0.0, 7415318144.0, 0.0, 158502425328.0, 0.0, 75080096208.0, 0.0, 216898055712.0, 0.0, 393938776400.0, 0.0, 0.0, 0.0, 0.0, 0.0, 0.0, 0.0, 0.0, 0.0, 0.0, 926914768.0, 1853829536.0, 3707659072.0, 7415318144.0, 14830636288.0, 29661272576.0, 59322545152.0, 118645090304.0, 237290180608.0, 422673134208.0], [140647909248.0, 0.0, 47491501824.0, 0.0, -2704301401619.0, 1129775542281.0, 99549494208.0, 0.0, 65757464064.0, 0.0, 58451079168.0, 0.0, 116902158336.0, 0.0, 4566490560.0, 0.0, 7306384896.0, 0.0, 156173977152.0, 0.0, 73977147072.0, 0.0, 213711758208.0, 0.0, 388151697600.0, 0.0, 913298112.0, 1826596224.0, 3653192448.0, 7306384896.0, 14612769792.0, 29225539584.0, 58451079168.0, 116902158336.0, 233804316672.0, 342486792000.0, 0.0, 0.0, 0.0, 0.0, 0.0, 0.0, 0.0, 0.0, 0.0, 0.0], [0.0, 131764499328.0, 0.0, 44491908864.0, 1129775542281.0, -2743462784076.0, 0.0, 93261885888.0, 0.0, 61604181504.0, 0.0, 54759272448.0, 0.0, 109518544896.0, 0.0, 4278068160.0, 0.0, 6844909056.0, 0.0, 146309931072.0, 0.0, 69304704192.0, 0.0, 200213589888.0, 0.0, 363635793600.0, 0.0, 0.0, 0.0, 0.0, 0.0, 0.0, 0.0, 0.0, 0.0, 0.0, 855613632.0, 1711227264.0, 3422454528.0, 6844909056.0, 13689818112.0, 27379636224.0, 54759272448.0, 109518544896.0, 219037089792.0, 390159816192.0], [319387960584.0, 0.0, 107845285392.0, 0.0, 99549494208.0, 0.0, -4578750520624.0, 1129775542281.0, 149324241312.0, 0.0, 132732658944.0, 0.0, 265465317888.0, 0.0, 10369738980.0, 0.0, 16591582368.0, 0.0, 354645073116.0, 0.0, 167989771476.0, 0.0, 485303784264.0, 0.0, 881427813300.0, 0.0, 2073947796.0, 4147895592.0, 8295791184.0, 16591582368.0, 33183164736.0, 66366329472.0, 132732658944.0, 265465317888.0, 530930635776.0, 777730423500.0, 0.0, 0.0, 0.0, 0.0, 0.0, 0.0, 0.0, 0.0, 0.0, 0.0], [0.0, 299215217224.0, 0.0, 101033709712.0, 0.0, 93261885888.0, 1129775542281.0, -4675670009421.0, 0.0, 139892828832.0, 0.0, 124349181184.0, 0.0, 248698362368.0, 0.0, 9714779780.0, 0.0, 15543647648.0, 0.0, 332245468476.0, 0.0, 157379432436.0, 0.0, 454651693704.0, 0.0, 825756281300.0, 0.0, 0.0, 0.0, 0.0, 0.0, 0.0, 0.0, 0.0, 0.0, 0.0, 1942955956.0, 3885911912.0, 7771823824.0, 15543647648.0, 31087295296.0, 62174590592.0, 124349181184.0, 248698362368.0, 497396724736.0, 885987915936.0], [210971863872.0, 0.0, 71237252736.0, 0.0, 65757464064.0, 0.0, 149324241312.0, 0.0, -3458685597614.0, 1129775542281.0, 87676618752.0, 0.0, 175353237504.0, 0.0, 6849735840.0, 0.0, 10959577344.0, 0.0, 234260965728.0, 0.0, 110965720608.0, 0.0, 320567637312.0, 0.0, 582227546400.0, 0.0, 1369947168.0, 2739894336.0, 5479788672.0, 10959577344.0, 21919154688.0, 43838309376.0, 87676618752.0, 175353237504.0, 350706475008.0, 513730188000.0, 0.0, 0.0, 0.0, 0.0, 0.0, 0.0, 0.0, 0.0, 0.0, 0.0], [0.0, 197646748992.0, 0.0, 66737863296.0, 0.0, 61604181504.0, 0.0, 139892828832.0, 1129775542281.0, -3519504315783.0, 0.0, 82138908672.0, 0.0, 164277817344.0, 0.0, 6417102240.0, 0.0, 10267363584.0, 0.0, 219464896608.0, 0.0, 103957056288.0, 0.0, 300320384832.0, 0.0, 545453690400.0, 0.0, 0.0, 0.0, 0.0, 0.0, 0.0, 0.0, 0.0, 0.0, 0.0, 1283420448.0, 2566840896.0, 5133681792.0, 10267363584.0, 20534727168.0, 41069454336.0, 82138908672.0, 164277817344.0, 328555634688.0, 585239724288.0], [187530545664.0, 0.0, 63322002432.0, 0.0, 58451079168.0, 0.0, 132732658944.0, 0.0, 87676618752.0, 0.0, -3209659659100.0, 1129775542281.0, 155869544448.0, 0.0, 6088654080.0, 0.0, 9741846528.0, 0.0, 208231969536.0, 0.0, 98636196096.0, 0.0, 284949010944.0, 0.0, 517535596800.0, 0.0, 1217730816.0, 2435461632.0, 4870923264.0, 9741846528.0, 19483693056.0, 38967386112.0, 77934772224.0, 155869544448.0, 311739088896.0, 456649056000.0, 0.0, 0.0, 0.0, 0.0, 0.0, 0.0, 0.0, 0.0, 0.0, 0.0], [0.0, 175685999104.0, 0.0, 59322545152.0, 0.0, 54759272448.0, 0.0, 124349181184.0, 0.0, 82138908672.0, 1129775542281.0, -3263105441559.0, 0.0, 146024726528.0, 0.0, 5704090880.0, 0.0, 9126545408.0, 0.0, 195079908096.0, 0.0, 92406272256.0, 0.0, 266951453184.0, 0.0, 484847724800.0, 0.0, 0.0, 0.0, 0.0, 0.0, 0.0, 0.0, 0.0, 0.0, 0.0, 1140818176.0, 2281636352.0, 4563272704.0, 9126545408.0, 18253090816.0, 36506181632.0, 73012363264.0, 146024726528.0, 292049453056.0, 520213088256.0], [375061091328.0, 0.0, 126644004864.0, 0.0, 116902158336.0, 0.0, 265465317888.0, 0.0, 175353237504.0, 0.0, 155869544448.0, 0.0, -5133672999746.0, 1129775542281.0, 12177308160.0, 0.0, 19483693056.0, 0.0, 416463939072.0, 0.0, 197272392192.0, 0.0, 569898021888.0, 0.0, 1035071193600.0, 0.0, 2435461632.0, 4870923264.0, 9741846528.0, 19483693056.0, 38967386112.0, 77934772224.0, 155869544448.0, 311739088896.0, 623478177792.0, 913298112000.0, 0.0, 0.0, 0.0, 0.0, 0.0, 0.0, 0.0, 0.0, 0.0, 0.0], [0.0, 351371998208.0, 0.0, 118645090304.0, 0.0, 109518544896.0, 0.0, 248698362368.0, 0.0, 164277817344.0, 0.0, 146024726528.0, 1129775542281.0, -5250409391137.0, 0.0, 11408181760.0, 0.0, 18253090816.0, 0.0, 390159816192.0, 0.0, 184812544512.0, 0.0, 533902906368.0, 0.0, 969695449600.0, 0.0, 0.0, 0.0, 0.0, 0.0, 0.0, 0.0, 0.0, 0.0, 0.0, 2281636352.0, 4563272704.0, 9126545408.0, 18253090816.0, 36506181632.0, 73012363264.0, 146024726528.0, 292049453056.0, 584098906112.0, 1040426176512.0], [14650823880.0, 0.0, 4947031440.0, 0.0, 4566490560.0, 0.0, 10369738980.0, 0.0, 6849735840.0, 0.0, 6088654080.0, 0.0, 12177308160.0, 0.0, -1297879464146.0, 1129775542281.0, 761081760.0, 0.0, 16268122620.0, 0.0, 7705952820.0, 0.0, 22261641480.0, 0.0, 40432468500.0, 0.0, 95135220.0, 190270440.0, 380540880.0, 761081760.0, 1522163520.0, 3044327040.0, 6088654080.0, 12177308160.0, 24354616320.0, 35675707500.0, 0.0, 0.0, 0.0, 0.0, 0.0, 0.0, 0.0, 0.0, 0.0, 0.0], [0.0, 13725468680.0, 0.0, 4634573840.0, 0.0, 4278068160.0, 0.0, 9714779780.0, 0.0, 6417102240.0, 0.0, 5704090880.0, 0.0, 11408181760.0, 1129775542281.0, -1301700396969.0, 0.0, 713011360.0, 0.0, 15240617820.0, 0.0, 7219240020.0, 0.0, 20855582280.0, 0.0, 37878728500.0, 0.0, 0.0, 0.0, 0.0, 0.0, 0.0, 0.0, 0.0, 0.0, 0.0, 89126420.0, 178252840.0, 356505680.0, 713011360.0, 1426022720.0, 2852045440.0, 5704090880.0, 11408181760.0, 22816363520.0, 40641647520.0], [23441318208.0, 0.0, 7915250304.0, 0.0, 7306384896.0, 0.0, 16591582368.0, 0.0, 10959577344.0, 0.0, 9741846528.0, 0.0, 19483693056.0, 0.0, 761081760.0, 0.0, -1398285172882.0, 1129775542281.0, 26028996192.0, 0.0, 12329524512.0, 0.0, 35618626368.0, 0.0, 64691949600.0, 0.0, 152216352.0, 304432704.0, 608865408.0, 1217730816.0, 2435461632.0, 4870923264.0, 9741846528.0, 19483693056.0, 38967386112.0, 57081132000.0, 0.0, 0.0, 0.0, 0.0, 0.0, 0.0, 0.0, 0.0, 0.0, 0.0], [0.0, 21960749888.0, 0.0, 7415318144.0, 0.0, 6844909056.0, 0.0, 15543647648.0, 0.0, 10267363584.0, 0.0, 9126545408.0, 0.0, 18253090816.0, 0.0, 713011360.0, 1129775542281.0, -1404427506931.0, 0.0, 24384988512.0, 0.0, 11550784032.0, 0.0, 33368931648.0, 0.0, 60605965600.0, 0.0, 0.0, 0.0, 0.0, 0.0, 0.0, 0.0, 0.0, 0.0, 0.0, 142602272.0, 285204544.0, 570409088.0, 1140818176.0, 2281636352.0, 4563272704.0, 9126545408.0, 18253090816.0, 36506181632.0, 65026636032.0], [501058176696.0, 0.0, 169188475248.0, 0.0, 156173977152.0, 0.0, 354645073116.0, 0.0, 234260965728.0, 0.0, 208231969536.0, 0.0, 416463939072.0, 0.0, 16268122620.0, 0.0, 26028996192.0, 0.0, -6338828084835.0, 1129775542281.0, 263543586444.0, 0.0, 761348138616.0, 0.0, 1382790422700.0, 0.0, 3253624524.0, 6507249048.0, 13014498096.0, 26028996192.0, 52057992384.0, 104115984768.0, 208231969536.0, 416463939072.0, 832927878144.0, 1220109196500.0, 0.0, 0.0, 0.0, 0.0, 0.0, 0.0, 0.0, 0.0, 0.0, 0.0], [0.0, 469411028856.0, 0.0, 158502425328.0, 0.0, 146309931072.0, 0.0, 332245468476.0, 0.0, 219464896608.0, 0.0, 195079908096.0, 0.0, 390159816192.0, 0.0, 15240617820.0, 0.0, 24384988512.0, 1129775542281.0, -6503617132303.0, 0.0, 246898008684.0, 0.0, 713260913976.0, 0.0, 1295452514700.0, 0.0, 0.0, 0.0, 0.0, 0.0, 0.0, 0.0, 0.0, 0.0, 0.0, 3048123564.0, 6096247128.0, 12192494256.0, 24384988512.0, 48769977024.0, 97539954048.0, 195079908096.0, 390159816192.0, 780319632384.0, 1389944345184.0], [237343346856.0, 0.0, 80141909328.0, 0.0, 73977147072.0, 0.0, 167989771476.0, 0.0, 110965720608.0, 0.0, 98636196096.0, 0.0, 197272392192.0, 0.0, 7705952820.0, 0.0, 12329524512.0, 0.0, 263543586444.0, 0.0, -3735928637239.0, 1129775542281.0, 360638591976.0, 0.0, 655005989700.0, 0.0, 1541190564.0, 3082381128.0, 6164762256.0, 12329524512.0, 24659049024.0, 49318098048.0, 98636196096.0, 197272392192.0, 394544784384.0, 577946461500.0, 0.0, 0.0, 0.0, 0.0, 0.0, 0.0, 0.0, 0.0, 0.0, 0.0], [0.0, 222352592616.0, 0.0, 75080096208.0, 0.0, 69304704192.0, 0.0, 157379432436.0, 0.0, 103957056288.0, 0.0, 92406272256.0, 0.0, 184812544512.0, 0.0, 7219240020.0, 0.0, 11550784032.0, 0.0, 246898008684.0, 1129775542281.0, -3805225776630.0, 0.0, 337860432936.0, 0.0, 613635401700.0, 0.0, 0.0, 0.0, 0.0, 0.0, 0.0, 0.0, 0.0, 0.0, 0.0, 1443848004.0, 2887696008.0, 5775392016.0, 11550784032.0, 23101568064.0, 46203136128.0, 92406272256.0, 184812544512.0, 369625089024.0, 658394689824.0], [685658557584.0, 0.0, 231521071392.0, 0.0, 213711758208.0, 0.0, 485303784264.0, 0.0, 320567637312.0, 0.0, 284949010944.0, 0.0, 569898021888.0, 0.0, 22261641480.0, 0.0, 35618626368.0, 0.0, 761348138616.0, 0.0, 360638591976.0, 0.0, -7977455724783.0, 1129775542281.0, 1892239525800.0, 0.0, 4452328296.0, 8904656592.0, 17809313184.0, 35618626368.0, 71237252736.0, 142474505472.0, 284949010944.0, 569898021888.0, 1139796043776.0, 1669623111000.0, 0.0, 0.0, 0.0, 0.0, 0.0, 0.0, 0.0, 0.0, 0.0, 0.0], [0.0, 642351934224.0, 0.0, 216898055712.0, 0.0, 200213589888.0, 0.0, 454651693704.0, 0.0, 300320384832.0, 0.0, 266951453184.0, 0.0, 533902906368.0, 0.0, 20855582280.0, 0.0, 33368931648.0, 0.0, 713260913976.0, 0.0, 337860432936.0, 1129775542281.0, -8220672874724.0, 0.0, 1772724493800.0, 0.0, 0.0, 0.0, 0.0, 0.0, 0.0, 0.0, 0.0, 0.0, 0.0, 4171116456.0, 8342232912.0, 16684465824.0, 33368931648.0, 66737863296.0, 133475726592.0, 266951453184.0, 533902906368.0, 1067805812736.0, 1902029103936.0], [1245320029800.0, 0.0, 420497672400.0, 0.0, 388151697600.0, 0.0, 881427813300.0, 0.0, 582227546400.0, 0.0, 517535596800.0, 0.0, 1035071193600.0, 0.0, 40432468500.0, 0.0, 64691949600.0, 0.0, 1382790422700.0, 0.0, 655005989700.0, 0.0, 1892239525800.0, 0.0, -12022280552619.0, 1129775542281.0, 8086493700.0, 16172987400.0, 32345974800.0, 64691949600.0, 129383899200.0, 258767798400.0, 517535596800.0, 1035071193600.0, 2070142387200.0, 3032435137500.0, 0.0, 0.0, 0.0, 0.0, 0.0, 0.0, 0.0, 0.0, 0.0, 0.0], [0.0, 1166664837800.0, 0.0, 393938776400.0, 0.0, 363635793600.0, 0.0, 825756281300.0, 0.0, 545453690400.0, 0.0, 484847724800.0, 0.0, 969695449600.0, 0.0, 37878728500.0, 0.0, 60605965600.0, 0.0, 1295452514700.0, 0.0, 613635401700.0, 0.0, 1772724493800.0, 1129775542281.0, -12561573968357.0, 0.0, 0.0, 0.0, 0.0, 0.0, 0.0, 0.0, 0.0, 0.0, 0.0, 7575745700.0, 15151491400.0, 30302982800.0, 60605965600.0, 121211931200.0, 242423862400.0, 484847724800.0, 969695449600.0, 1939390899200.0, 3454540039200.0], [2930164776.0, 0.0, 989406288.0, 0.0, 913298112.0, 0.0, 2073947796.0, 0.0, 1369947168.0, 0.0, 1217730816.0, 0.0, 2435461632.0, 0.0, 95135220.0, 0.0, 152216352.0, 0.0, 3253624524.0, 0.0, 1541190564.0, 0.0, 4452328296.0, 0.0, 8086493700.0, 0.0, -33696894924.0, 38054088.0, 76108176.0, 152216352.0, 304432704.0, 608865408.0, 1217730816.0, 2435461632.0, 4870923264.0, 7135141500.0, 0.0, 0.0, 0.0, 0.0, 0.0, 0.0, 0.0, 0.0, 0.0, 0.0], [5860329552.0, 0.0, 1978812576.0, 0.0, 1826596224.0, 0.0, 4147895592.0, 0.0, 2739894336.0, 0.0, 2435461632.0, 0.0, 4870923264.0, 0.0, 190270440.0, 0.0, 304432704.0, 0.0, 6507249048.0, 0.0, 3082381128.0, 0.0, 8904656592.0, 0.0, 16172987400.0, 0.0, 38054088.0, -67355735760.0, 152216352.0, 304432704.0, 608865408.0, 1217730816.0, 2435461632.0, 4870923264.0, 9741846528.0, 14270283000.0, 0.0, 0.0, 0.0, 0.0, 0.0, 0.0, 0.0, 0.0, 0.0, 0.0], [11720659104.0, 0.0, 3957625152.0, 0.0, 3653192448.0, 0.0, 8295791184.0, 0.0, 5479788672.0, 0.0, 4870923264.0, 0.0, 9741846528.0, 0.0, 380540880.0, 0.0, 608865408.0, 0.0, 13014498096.0, 0.0, 6164762256.0, 0.0, 17809313184.0, 0.0, 32345974800.0, 0.0, 76108176.0, 152216352.0, -134559255168.0, 608865408.0, 1217730816.0, 2435461632.0, 4870923264.0, 9741846528.0, 19483693056.0, 28540566000.0, 0.0, 0.0, 0.0, 0.0, 0.0, 0.0, 0.0, 0.0, 0.0, 0.0], [23441318208.0, 0.0, 7915250304.0, 0.0, 7306384896.0, 0.0, 16591582368.0, 0.0, 10959577344.0, 0.0, 9741846528.0, 0.0, 19483693056.0, 0.0, 761081760.0, 0.0, 1217730816.0, 0.0, 26028996192.0, 0.0, 12329524512.0, 0.0, 35618626368.0, 0.0, 64691949600.0, 0.0, 152216352.0, 304432704.0, 608865408.0, -268509644928.0, 2435461632.0, 4870923264.0, 9741846528.0, 19483693056.0, 38967386112.0, 57081132000.0, 0.0, 0.0, 0.0, 0.0, 0.0, 0.0, 0.0, 0.0, 0.0, 0.0], [46882636416.0, 0.0, 15830500608.0, 0.0, 14612769792.0, 0.0, 33183164736.0, 0.0, 21919154688.0, 0.0, 19483693056.0, 0.0, 38967386112.0, 0.0, 1522163520.0, 0.0, 2435461632.0, 0.0, 52057992384.0, 0.0, 24659049024.0, 0.0, 71237252736.0, 0.0, 129383899200.0, 0.0, 304432704.0, 608865408.0, 1217730816.0, 2435461632.0, -534583828224.0, 9741846528.0, 19483693056.0, 38967386112.0, 77934772224.0, 114162264000.0, 0.0, 0.0, 0.0, 0.0, 0.0, 0.0, 0.0, 0.0, 0.0, 0.0], [93765272832.0, 0.0, 31661001216.0, 0.0, 29225539584.0, 0.0, 66366329472.0, 0.0, 43838309376.0, 0.0, 38967386112.0, 0.0, 77934772224.0, 0.0, 3044327040.0, 0.0, 4870923264.0, 0.0, 104115984768.0, 0.0, 49318098048.0, 0.0, 142474505472.0, 0.0, 258767798400.0, 0.0, 608865408.0, 1217730816.0, 2435461632.0, 4870923264.0, 9741846528.0, -1059425809920.0, 38967386112.0, 77934772224.0, 155869544448.0, 228324528000.0, 0.0, 0.0, 0.0, 0.0, 0.0, 0.0, 0.0, 0.0, 0.0, 0.0], [187530545664.0, 0.0, 63322002432.0, 0.0, 58451079168.0, 0.0, 132732658944.0, 0.0, 87676618752.0, 0.0, 77934772224.0, 0.0, 155869544448.0, 0.0, 6088654080.0, 0.0, 9741846528.0, 0.0, 208231969536.0, 0.0, 98636196096.0, 0.0, 284949010944.0, 0.0, 517535596800.0, 0.0, 1217730816.0, 2435461632.0, 4870923264.0, 9741846528.0, 19483693056.0, 38967386112.0, -2079884233728.0, 155869544448.0, 311739088896.0, 456649056000.0, 0.0, 0.0, 0.0, 0.0, 0.0, 0.0, 0.0, 0.0, 0.0, 0.0], [375061091328.0, 0.0, 126644004864.0, 0.0, 116902158336.0, 0.0, 265465317888.0, 0.0, 175353237504.0, 0.0, 155869544448.0, 0.0, 311739088896.0, 0.0, 12177308160.0, 0.0, 19483693056.0, 0.0, 416463939072.0, 0.0, 197272392192.0, 0.0, 569898021888.0, 0.0, 1035071193600.0, 0.0, 2435461632.0, 4870923264.0, 9741846528.0, 19483693056.0, 38967386112.0, 77934772224.0, 155869544448.0, -4003898923008.0, 623478177792.0, 913298112000.0, 0.0, 0.0, 0.0, 0.0, 0.0, 0.0, 0.0, 0.0, 0.0, 0.0], [750122182656.0, 0.0, 253288009728.0, 0.0, 233804316672.0, 0.0, 530930635776.0, 0.0, 350706475008.0, 0.0, 311739088896.0, 0.0, 623478177792.0, 0.0, 24354616320.0, 0.0, 38967386112.0, 0.0, 832927878144.0, 0.0, 394544784384.0, 0.0, 1139796043776.0, 0.0, 2070142387200.0, 0.0, 4870923264.0, 9741846528.0, 19483693056.0, 38967386112.0, 77934772224.0, 155869544448.0, 311739088896.0, 623478177792.0, -7384319668224.0, 1826596224000.0, 0.0, 0.0, 0.0, 0.0, 0.0, 0.0, 0.0, 0.0, 0.0, 0.0], [1098811791000.0, 0.0, 371027358000.0, 0.0, 342486792000.0, 0.0, 777730423500.0, 0.0, 513730188000.0, 0.0, 456649056000.0, 0.0, 913298112000.0, 0.0, 35675707500.0, 0.0, 57081132000.0, 0.0, 1220109196500.0, 0.0, 577946461500.0, 0.0, 1669623111000.0, 0.0, 3032435137500.0, 0.0, 7135141500.0, 14270283000.0, 28540566000.0, 57081132000.0, 114162264000.0, 228324528000.0, 456649056000.0, 913298112000.0, 1826596224000.0, -9967792675500.0, 0.0, 0.0, 0.0, 0.0, 0.0, 0.0, 0.0, 0.0, 0.0, 0.0], [0.0, 2745093736.0, 0.0, 926914768.0, 0.0, 855613632.0, 0.0, 1942955956.0, 0.0, 1283420448.0, 0.0, 1140818176.0, 0.0, 2281636352.0, 0.0, 89126420.0, 0.0, 142602272.0, 0.0, 3048123564.0, 0.0, 1443848004.0, 0.0, 4171116456.0, 0.0, 7575745700.0, 0.0, 0.0, 0.0, 0.0, 0.0, 0.0, 0.0, 0.0, 0.0, 0.0, -34456273972.0, 35650568.0, 71301136.0, 142602272.0, 285204544.0, 570409088.0, 1140818176.0, 2281636352.0, 4563272704.0, 8128329504.0], [0.0, 5490187472.0, 0.0, 1853829536.0, 0.0, 1711227264.0, 0.0, 3885911912.0, 0.0, 2566840896.0, 0.0, 2281636352.0, 0.0, 4563272704.0, 0.0, 178252840.0, 0.0, 285204544.0, 0.0, 6096247128.0, 0.0, 2887696008.0, 0.0, 8342232912.0, 0.0, 15151491400.0, 0.0, 0.0, 0.0, 0.0, 0.0, 0.0, 0.0, 0.0, 0.0, 0.0, 35650568.0, -68876897376.0, 142602272.0, 285204544.0, 570409088.0, 1140818176.0, 2281636352.0, 4563272704.0, 9126545408.0, 16256659008.0], [0.0, 10980374944.0, 0.0, 3707659072.0, 0.0, 3422454528.0, 0.0, 7771823824.0, 0.0, 5133681792.0, 0.0, 4563272704.0, 0.0, 9126545408.0, 0.0, 356505680.0, 0.0, 570409088.0, 0.0, 12192494256.0, 0.0, 5775392016.0, 0.0, 16684465824.0, 0.0, 30302982800.0, 0.0, 0.0, 0.0, 0.0, 0.0, 0.0, 0.0, 0.0, 0.0, 0.0, 71301136.0, 142602272.0, -137611192480.0, 570409088.0, 1140818176.0, 2281636352.0, 4563272704.0, 9126545408.0, 18253090816.0, 32513318016.0], [0.0, 21960749888.0, 0.0, 7415318144.0, 0.0, 6844909056.0, 0.0, 15543647648.0, 0.0, 10267363584.0, 0.0, 9126545408.0, 0.0, 18253090816.0, 0.0, 713011360.0, 0.0, 1140818176.0, 0.0, 24384988512.0, 0.0, 11550784032.0, 0.0, 33368931648.0, 0.0, 60605965600.0, 0.0, 0.0, 0.0, 0.0, 0.0, 0.0, 0.0, 0.0, 0.0, 0.0, 142602272.0, 285204544.0, 570409088.0, -274651975872.0, 2281636352.0, 4563272704.0, 9126545408.0, 18253090816.0, 36506181632.0, 65026636032.0], [0.0, 43921499776.0, 0.0, 14830636288.0, 0.0, 13689818112.0, 0.0, 31087295296.0, 0.0, 20534727168.0, 0.0, 18253090816.0, 0.0, 36506181632.0, 0.0, 1426022720.0, 0.0, 2281636352.0, 0.0, 48769977024.0, 0.0, 23101568064.0, 0.0, 66737863296.0, 0.0, 121211931200.0, 0.0, 0.0, 0.0, 0.0, 0.0, 0.0, 0.0, 0.0, 0.0, 0.0, 285204544.0, 570409088.0, 1140818176.0, 2281636352.0, -547022315392.0, 9126545408.0, 18253090816.0, 36506181632.0, 73012363264.0, 130053272064.0], [0.0, 87842999552.0, 0.0, 29661272576.0, 0.0, 27379636224.0, 0.0, 62174590592.0, 0.0, 41069454336.0, 0.0, 36506181632.0, 0.0, 73012363264.0, 0.0, 2852045440.0, 0.0, 4563272704.0, 0.0, 97539954048.0, 0.0, 46203136128.0, 0.0, 133475726592.0, 0.0, 242423862400.0, 0.0, 0.0, 0.0, 0.0, 0.0, 0.0, 0.0, 0.0, 0.0, 0.0, 570409088.0, 1140818176.0, 2281636352.0, 4563272704.0, 9126545408.0, -1084918085376.0, 36506181632.0, 73012363264.0, 146024726528.0, 260106544128.0], [0.0, 175685999104.0, 0.0, 59322545152.0, 0.0, 54759272448.0, 0.0, 124349181184.0, 0.0, 82138908672.0, 0.0, 73012363264.0, 0.0, 146024726528.0, 0.0, 5704090880.0, 0.0, 9126545408.0, 0.0, 195079908096.0, 0.0, 92406272256.0, 0.0, 266951453184.0, 0.0, 484847724800.0, 0.0, 0.0, 0.0, 0.0, 0.0, 0.0, 0.0, 0.0, 0.0, 0.0, 1140818176.0, 2281636352.0, 4563272704.0, 9126545408.0, 18253090816.0, 36506181632.0, -2133329989120.0, 146024726528.0, 292049453056.0, 520213088256.0], [0.0, 351371998208.0, 0.0, 118645090304.0, 0.0, 109518544896.0, 0.0, 248698362368.0, 0.0, 164277817344.0, 0.0, 146024726528.0, 0.0, 292049453056.0, 0.0, 11408181760.0, 0.0, 18253090816.0, 0.0, 390159816192.0, 0.0, 184812544512.0, 0.0, 533902906368.0, 0.0, 969695449600.0, 0.0, 0.0, 0.0, 0.0, 0.0, 0.0, 0.0, 0.0, 0.0, 0.0, 2281636352.0, 4563272704.0, 9126545408.0, 18253090816.0, 36506181632.0, 73012363264.0, 146024726528.0, -4120635251712.0, 584098906112.0, 1040426176512.0], [0.0, 702743996416.0, 0.0, 237290180608.0, 0.0, 219037089792.0, 0.0, 497396724736.0, 0.0, 328555634688.0, 0.0, 292049453056.0, 0.0, 584098906112.0, 0.0, 22816363520.0, 0.0, 36506181632.0, 0.0, 780319632384.0, 0.0, 369625089024.0, 0.0, 1067805812736.0, 0.0, 1939390899200.0, 0.0, 0.0, 0.0, 0.0, 0.0, 0.0, 0.0, 0.0, 0.0, 0.0, 4563272704.0, 9126545408.0, 18253090816.0, 36506181632.0, 73012363264.0, 146024726528.0, 292049453056.0, 584098906112.0, -7657171597312.0, 2080852353024.0], [0.0, 1251762743616.0, 0.0, 422673134208.0, 0.0, 390159816192.0, 0.0, 885987915936.0, 0.0, 585239724288.0, 0.0, 520213088256.0, 0.0, 1040426176512.0, 0.0, 40641647520.0, 0.0, 65026636032.0, 0.0, 1389944345184.0, 0.0, 658394689824.0, 0.0, 1902029103936.0, 0.0, 3454540039200.0, 0.0, 0.0, 0.0, 0.0, 0.0, 0.0, 0.0, 0.0, 0.0, 0.0, 8128329504.0, 16256659008.0, 32513318016.0, 65026636032.0, 130053272064.0, 260106544128.0, 520213088256.0, 1040426176512.0, 2080852353024.0, -12013671006912.0]]"
  },
  "variable_mappings": [
    {
      "machine_id": 24,
      "machine_name_convenience_only": "GP260",
      "dieset_id": 8,
      "dieset_number_convenience_only": "4984449, 4984462",
      "variable_id": 0,
      "variable_name_convenience_only": "md_GP260_4984449, 4984462"
    },
    {
      "machine_id": 27,
      "machine_name_convenience_only": "GP640",
      "dieset_id": 8,
      "dieset_number_convenience_only": "4984449, 4984462",
      "variable_id": 1,
      "variable_name_convenience_only": "md_GP640_4984449, 4984462"
    },
    {
      "machine_id": 24,
      "machine_name_convenience_only": "GP260",
      "dieset_id": 7,
      "dieset_number_convenience_only": "4984449, 5031550",
      "variable_id": 2,
      "variable_name_convenience_only": "md_GP260_4984449, 5031550"
    },
    {
      "machine_id": 27,
      "machine_name_convenience_only": "GP640",
      "dieset_id": 7,
      "dieset_number_convenience_only": "4984449, 5031550",
      "variable_id": 3,
      "variable_name_convenience_only": "md_GP640_4984449, 5031550"
    },
    {
      "machine_id": 24,
      "machine_name_convenience_only": "GP260",
      "dieset_id": 1,
      "dieset_number_convenience_only": "4985498",
      "variable_id": 4,
      "variable_name_convenience_only": "md_GP260_4985498"
    },
    {
      "machine_id": 27,
      "machine_name_convenience_only": "GP640",
      "dieset_id": 1,
      "dieset_number_convenience_only": "4985498",
      "variable_id": 5,
      "variable_name_convenience_only": "md_GP640_4985498"
    },
    {
      "machine_id": 24,
      "machine_name_convenience_only": "GP260",
      "dieset_id": 3,
      "dieset_number_convenience_only": "5090393",
      "variable_id": 6,
      "variable_name_convenience_only": "md_GP260_5090393"
    },
    {
      "machine_id": 27,
      "machine_name_convenience_only": "GP640",
      "dieset_id": 3,
      "dieset_number_convenience_only": "5090393",
      "variable_id": 7,
      "variable_name_convenience_only": "md_GP640_5090393"
    },
    {
      "machine_id": 24,
      "machine_name_convenience_only": "GP260",
      "dieset_id": 22,
      "dieset_number_convenience_only": "5101959",
      "variable_id": 8,
      "variable_name_convenience_only": "md_GP260_5101959"
    },
    {
      "machine_id": 27,
      "machine_name_convenience_only": "GP640",
      "dieset_id": 22,
      "dieset_number_convenience_only": "5101959",
      "variable_id": 9,
      "variable_name_convenience_only": "md_GP640_5101959"
    },
    {
      "machine_id": 24,
      "machine_name_convenience_only": "GP260",
      "dieset_id": 24,
      "dieset_number_convenience_only": "5102992",
      "variable_id": 10,
      "variable_name_convenience_only": "md_GP260_5102992"
    },
    {
      "machine_id": 27,
      "machine_name_convenience_only": "GP640",
      "dieset_id": 24,
      "dieset_number_convenience_only": "5102992",
      "variable_id": 11,
      "variable_name_convenience_only": "md_GP640_5102992"
    },
    {
      "machine_id": 24,
      "machine_name_convenience_only": "GP260",
      "dieset_id": 11,
      "dieset_number_convenience_only": "5103015",
      "variable_id": 12,
      "variable_name_convenience_only": "md_GP260_5103015"
    },
    {
      "machine_id": 27,
      "machine_name_convenience_only": "GP640",
      "dieset_id": 11,
      "dieset_number_convenience_only": "5103015",
      "variable_id": 13,
      "variable_name_convenience_only": "md_GP640_5103015"
    },
    {
      "machine_id": 24,
      "machine_name_convenience_only": "GP260",
      "dieset_id": 9,
      "dieset_number_convenience_only": "5448237",
      "variable_id": 14,
      "variable_name_convenience_only": "md_GP260_5448237"
    },
    {
      "machine_id": 27,
      "machine_name_convenience_only": "GP640",
      "dieset_id": 9,
      "dieset_number_convenience_only": "5448237",
      "variable_id": 15,
      "variable_name_convenience_only": "md_GP640_5448237"
    },
    {
      "machine_id": 24,
      "machine_name_convenience_only": "GP260",
      "dieset_id": 0,
      "dieset_number_convenience_only": "5457220",
      "variable_id": 16,
      "variable_name_convenience_only": "md_GP260_5457220"
    },
    {
      "machine_id": 27,
      "machine_name_convenience_only": "GP640",
      "dieset_id": 0,
      "dieset_number_convenience_only": "5457220",
      "variable_id": 17,
      "variable_name_convenience_only": "md_GP640_5457220"
    },
    {
      "machine_id": 24,
      "machine_name_convenience_only": "GP260",
      "dieset_id": 13,
      "dieset_number_convenience_only": "5709958",
      "variable_id": 18,
      "variable_name_convenience_only": "md_GP260_5709958"
    },
    {
      "machine_id": 27,
      "machine_name_convenience_only": "GP640",
      "dieset_id": 13,
      "dieset_number_convenience_only": "5709958",
      "variable_id": 19,
      "variable_name_convenience_only": "md_GP640_5709958"
    },
    {
      "machine_id": 24,
      "machine_name_convenience_only": "GP260",
      "dieset_id": 20,
      "dieset_number_convenience_only": "5717907",
      "variable_id": 20,
      "variable_name_convenience_only": "md_GP260_5717907"
    },
    {
      "machine_id": 27,
      "machine_name_convenience_only": "GP640",
      "dieset_id": 20,
      "dieset_number_convenience_only": "5717907",
      "variable_id": 21,
      "variable_name_convenience_only": "md_GP640_5717907"
    },
    {
      "machine_id": 24,
      "machine_name_convenience_only": "GP260",
      "dieset_id": 2,
      "dieset_number_convenience_only": "5718733, 5718701",
      "variable_id": 22,
      "variable_name_convenience_only": "md_GP260_5718733, 5718701"
    },
    {
      "machine_id": 27,
      "machine_name_convenience_only": "GP640",
      "dieset_id": 2,
      "dieset_number_convenience_only": "5718733, 5718701",
      "variable_id": 23,
      "variable_name_convenience_only": "md_GP640_5718733, 5718701"
    },
    {
      "machine_id": 24,
      "machine_name_convenience_only": "GP260",
      "dieset_id": 5,
      "dieset_number_convenience_only": "5801397",
      "variable_id": 24,
      "variable_name_convenience_only": "md_GP260_5801397"
    },
    {
      "machine_id": 27,
      "machine_name_convenience_only": "GP640",
      "dieset_id": 5,
      "dieset_number_convenience_only": "5801397",
      "variable_id": 25,
      "variable_name_convenience_only": "md_GP640_5801397"
    }
  ],
  "model": {
    "dieset_choices": [
      {
        "dieset_id": 17,
        "dieset_number": "3002866",
        "machine_choices": [
          {
            "choice_name": "Put Dieset 3002866 on machine GP260",
            "machine": {
              "machine_id": 24,
              "machine_name": "GP260",
              "max_capacity_hours_per_timeslice": 2509.6136761032312,
              "max_capacity_constraint": {
                "constraint_name": "Max Capacity Machine GP260",
                "weight": 1.0
              },
              "cost_reallocation_euro": 10000.0
            },
            "work_required_hours": 16.494873808587574,
            "work_cost": 29872.2164673521,
            "transport_cost": 0.0,
            "transport_costs_breakdown": [
              {
                "location_id": 2,
                "location_name": "Dingolfing",
                "truckloads": 12.0,
                "transport_rate_euro_per_truck_per_km": 999.0,
                "distance_km": 0.0,
                "costs": 0.0
              }
            ]
          }
        ],
        "assign_exactly_once_constraint": null
      },
      {
        "dieset_id": 18,
        "dieset_number": "3002878",
        "machine_choices": [
          {
            "choice_name": "Put Dieset 3002878 on machine GP260",
            "machine": {
              "machine_id": 24,
              "machine_name": "GP260",
              "max_capacity_hours_per_timeslice": 2509.6136761032312,
              "max_capacity_constraint": {
                "constraint_name": "Max Capacity Machine GP260",
                "weight": 1.0
              },
              "cost_reallocation_euro": 10000.0
            },
            "work_required_hours": 15.959502279928897,
            "work_cost": 28902.65862895123,
            "transport_cost": 0.0,
            "transport_costs_breakdown": [
              {
                "location_id": 2,
                "location_name": "Dingolfing",
                "truckloads": 6.0,
                "transport_rate_euro_per_truck_per_km": 999.0,
                "distance_km": 0.0,
                "costs": 0.0
              }
            ]
          }
        ],
        "assign_exactly_once_constraint": null
      },
      {
        "dieset_id": 23,
        "dieset_number": "3002931",
        "machine_choices": [
          {
            "choice_name": "Put Dieset 3002931 on machine GP260",
            "machine": {
              "machine_id": 24,
              "machine_name": "GP260",
              "max_capacity_hours_per_timeslice": 2509.6136761032312,
              "max_capacity_constraint": {
                "constraint_name": "Max Capacity Machine GP260",
                "weight": 1.0
              },
              "cost_reallocation_euro": 10000.0
            },
            "work_required_hours": 15.61413059915918,
            "work_cost": 28277.190515077276,
            "transport_cost": 0.0,
            "transport_costs_breakdown": [
              {
                "location_id": 2,
                "location_name": "Dingolfing",
                "truckloads": 31.0,
                "transport_rate_euro_per_truck_per_km": 999.0,
                "distance_km": 0.0,
                "costs": 0.0
              }
            ]
          }
        ],
        "assign_exactly_once_constraint": null
      },
      {
        "dieset_id": 15,
        "dieset_number": "3002943",
        "machine_choices": [
          {
            "choice_name": "Put Dieset 3002943 on machine GP260",
            "machine": {
              "machine_id": 24,
              "machine_name": "GP260",
              "max_capacity_hours_per_timeslice": 2509.6136761032312,
              "max_capacity_constraint": {
                "constraint_name": "Max Capacity Machine GP260",
                "weight": 1.0
              },
              "cost_reallocation_euro": 10000.0
            },
            "work_required_hours": 16.431924882629104,
            "work_cost": 29758.215962441307,
            "transport_cost": 0.0,
            "transport_costs_breakdown": [
              {
                "location_id": 2,
                "location_name": "Dingolfing",
                "truckloads": 31.0,
                "transport_rate_euro_per_truck_per_km": 999.0,
                "distance_km": 0.0,
                "costs": 0.0
              }
            ]
          }
        ],
        "assign_exactly_once_constraint": null
      },
      {
        "dieset_id": 27,
        "dieset_number": "3003468",
        "machine_choices": [
          {
            "choice_name": "Put Dieset 3003468 on machine GP260",
            "machine": {
              "machine_id": 24,
              "machine_name": "GP260",
              "max_capacity_hours_per_timeslice": 2509.6136761032312,
              "max_capacity_constraint": {
                "constraint_name": "Max Capacity Machine GP260",
                "weight": 1.0
              },
              "cost_reallocation_euro": 10000.0
            },
            "work_required_hours": 24.59894727551633,
            "work_cost": 44548.69351596008,
            "transport_cost": 0.0,
            "transport_costs_breakdown": [
              {
                "location_id": 2,
                "location_name": "Dingolfing",
                "truckloads": 78.0,
                "transport_rate_euro_per_truck_per_km": 999.0,
                "distance_km": 0.0,
                "costs": 0.0
              }
            ]
          }
        ],
        "assign_exactly_once_constraint": null
      },
      {
        "dieset_id": 26,
        "dieset_number": "3003701",
        "machine_choices": [
          {
            "choice_name": "Put Dieset 3003701 on machine GP260",
            "machine": {
              "machine_id": 24,
              "machine_name": "GP260",
              "max_capacity_hours_per_timeslice": 2509.6136761032312,
              "max_capacity_constraint": {
                "constraint_name": "Max Capacity Machine GP260",
                "weight": 1.0
              },
              "cost_reallocation_euro": 10000.0
            },
            "work_required_hours": 24.703562685494223,
            "work_cost": 44738.15202343003,
            "transport_cost": 0.0,
            "transport_costs_breakdown": [
              {
                "location_id": 2,
                "location_name": "Dingolfing",
                "truckloads": 22.0,
                "transport_rate_euro_per_truck_per_km": 999.0,
                "distance_km": 0.0,
                "costs": 0.0
              }
            ]
          }
        ],
        "assign_exactly_once_constraint": null
      },
      {
        "dieset_id": 19,
        "dieset_number": "4980181",
        "machine_choices": [
          {
            "choice_name": "Put Dieset 4980181 on machine GP260",
            "machine": {
              "machine_id": 24,
              "machine_name": "GP260",
              "max_capacity_hours_per_timeslice": 2509.6136761032312,
              "max_capacity_constraint": {
                "constraint_name": "Max Capacity Machine GP260",
                "weight": 1.0
              },
              "cost_reallocation_euro": 10000.0
            },
